Gene ID	SAM	P1_P2	P3	P4	P5
Zm00001eb222520	0.010830425	0	0	0	0
Zm00001eb015020	0.060487516	0.008380018	0.004485749	0.000788115	0.001108326
Zm00001eb035180	0.240109703	0.04759238	0.010911215	0.004171084	0.004249306
Zm00001eb040220	0.021660849	0.002394291	0	0.00315246	0.001773322
Zm00001eb041860	0.010830425	0	0.000803183	0.000394058	0.000221665
Zm00001eb051340	0.043321699	0.005985727	0.006092115	0.007717602	0.011304927
Zm00001eb055700	0.142635881	0.061461265	0.063118129	0.076284252	0.083459488
Zm00001eb055920	0.638239015	0.091055503	0.014730261	0.007487093	0.005579297
Zm00001eb075640	0.144282139	0.017460321	0.000803183	0.00157623	0.001108326
Zm00001eb079950	0.064982548	0.016760035	0.024701812	0.017636	0.017954884
Zm00001eb082590	0.287749966	0.075240139	0.04364486	0.037926752	0.037741756
Zm00001eb103060	0.114639639	0.048586101	0.039962294	0.029524686	0.02774582
Zm00001eb117820	0.152457891	0.026540624	0.0048191	0.00157623	0.001329991
Zm00001eb130180	0.439129843	0.116645316	0.023762148	0.007093035	0.006244293
Zm00001eb144270	0.010830425	0	0.000803183	0.000788115	0
Zm00001eb150830	0.010830425	0.001197145	0.000803183	0.002364345	0.003324978
Zm00001eb154380	0.175127155	0.022745762	0.004015916	0	0.000886661
Zm00001eb167310	0.148971273	0.060467544	0.061921205	0.041807429	0.042434392
Zm00001eb169410	0.120975032	0.071738713	0.066270473	0.047324235	0.054295649
Zm00001eb197040	0.010830425	0.002394291	0	0.000394058	0
Zm00001eb202570	0.032491274	0.003591436	0.004015916	0.010542965	0.008552945
Zm00001eb202660	0.097473822	0.029635199	0.009638199	0.005122748	0.005708963
Zm00001eb216500	0.172278381	0.093490755	0.088229383	0.091823748	0.080707505
Zm00001eb220660	0.09297879	0.03252635	0.012850933	0.005583766	0.002881648
Zm00001eb239380	0.09297879	0.044497804	0.043311508	0.028342513	0.022463521
Zm00001eb244670	0.021660849	0.002394291	0.0048191	0.003940575	0.002438318
Zm00001eb251820	0.422598298	0.243251241	0.175793372	0.170293934	0.16486635
Zm00001eb264150	0.263610913	0.057169543	0.05582909	0.047785252	0.03814742
Zm00001eb264380	0.484555603	0.09195152	0.017806513	0.009457381	0.005579297
Zm00001eb279010	0.339423885	0.198954913	0.177855176	0.166643124	0.14382807
Zm00001eb291720	0.114639639	0.03252635	0.014457299	0.007093035	0.006871622
Zm00001eb295700	0.181462547	0.120731664	0.125858219	0.125199483	0.119156257
Zm00001eb299420	0.26893789	0.05044257	0.007957049	0.003777027	0.003989974
Zm00001eb314810	0.017165817	0	0	0.001970288	0.003103313
Zm00001eb331080	0.021660849	0.002394291	0.005622283	0.005516805	0.004433305
Zm00001eb334160	0.010830425	0	0	0.000394058	0
Zm00001eb344540	0.148971273	0.037518357	0.019079529	0.012446292	0.006206626
Zm00001eb358680	0.010830425	0.002394291	0.00240955	0.002364345	0.001773322
Zm00001eb386370	0.060487516	0.029928635	0.031460629	0.034416925	0.033325118
Zm00001eb388280	0.010830425	0.002394291	0.00240955	0.003940575	0.002789649
Zm00001eb400120	0.010830425	0.002394291	0	0	0.000221665
Zm00001eb402580	0.010830425	0.003591436	0.000803183	0.000788115	0.000886661
Zm00001eb421120	0.086643398	0.054074967	0.049600494	0.04653612	0.043726717
Zm00001eb004190	0.213953821	0.171328609	0.162607781	0.154762142	0.144618759
Zm00001eb006890	0.110144607	0.072935858	0.069953038	0.049986049	0.052259023
Zm00001eb019780	0.09297879	0.045491525	0.057298976	0.053138509	0.051058336
Zm00001eb023870	0.274441337	0.208643541	0.188915959	0.177431364	0.196814728
Zm00001eb029300	0.457373674	0.368030738	0.35283104	0.334368524	0.322729551
Zm00001eb030510	0.241950063	0.174716621	0.153575894	0.140270257	0.098210698
Zm00001eb031670	0.463639467	0.326487952	0.328602914	0.271939526	0.219079028
Zm00001eb041290	0.178613773	0.111447936	0.06560377	0.060291442	0.063768948
Zm00001eb050860	0.032491274	0.009577163	0.014123948	0.01448354	0.013245581
Zm00001eb051330	0.060487516	0.041606653	0.029520912	0.019606288	0.015959897
Zm00001eb051910	0.2924391	0.190279511	0.130874189	0.108351598	0.091150744
Zm00001eb057820	0.032491274	0.01506603	0.010441383	0.00788115	0.012835944
Zm00001eb058850	0.696474963	0.475771582	0.421849379	0.303816227	0.162272618
Zm00001eb060670	0.289766794	0.222897821	0.204587192	0.183388	0.188292226
Zm00001eb067270	0.614326598	0.341482027	0.222727056	0.193668296	0.129303219
Zm00001eb071920	0.021660849	0.007182872	0.004485749	0.003546518	0.003454644
Zm00001eb073790	0.159801698	0.083802126	0.076970423	0.06903473	0.044701405
Zm00001eb073910	0.181462547	0.095885046	0.095321552	0.103385337	0.092832066
Zm00001eb075520	0.437553184	0.25359005	0.154792639	0.16899527	0.179443005
Zm00001eb093650	0.010830425	0.003591436	0.001606367	0.00157623	0.002881648
Zm00001eb094740	0.064982548	0.035417501	0.039159111	0.044031433	0.033454784
Zm00001eb097990	0.297942547	0.234010424	0.226926756	0.208288288	0.178412541
Zm00001eb106620	0.066822908	0.036117787	0.037416264	0.044395221	0.02774582
Zm00001eb106790	0.017165817	0.008380018	0.00240955	0.002758403	0.001773322
Zm00001eb126430	0.114639639	0.044294379	0.058571991	0.069198279	0.095065746
Zm00001eb139160	0.190452612	0.105258784	0.126586619	0.12338504	0.135785122
Zm00001eb145420	0.244604736	0.175213481	0.169291814	0.131304164	0.106630005
Zm00001eb152940	0.327779148	0.228290933	0.143921992	0.134991665	0.129352155
Zm00001eb157860	0.038826666	0.027037484	0.015260483	0.019041619	0.018916878
Zm00001eb158680	0.316948724	0.182216333	0.084349948	0.029294177	0.017900551
Zm00001eb160080	0.032491274	0.019154326	0.017336681	0.019375779	0.016884224
Zm00001eb172450	0.196788004	0.127914536	0.118416997	0.112061664	0.116074305
Zm00001eb176440	0.347599638	0.201642639	0.213755559	0.178205355	0.167651665
Zm00001eb199530	0.038826666	0.011971454	0.005622283	0.016780925	0.013023916
Zm00001eb199880	0.218448854	0.185197494	0.145134618	0.111199527	0.091000078
Zm00001eb203350	0.332274181	0.255965891	0.236852312	0.261546497	0.244469809
Zm00001eb204190	0.319603396	0.218627554	0.220692999	0.191120368	0.185468162
Zm00001eb220000	0.271592563	0.227210997	0.228151162	0.210823886	0.192093868
Zm00001eb227100	0.450400438	0.296041002	0.18750777	0.119192032	0.087938765
Zm00001eb227240	0.268105945	0.192879176	0.185915798	0.211731797	0.197852416
Zm00001eb227390	0.138140849	0.090306169	0.087486589	0.083511208	0.069812215
Zm00001eb246280	0.138140849	0.106162494	0.073635603	0.073369363	0.052630993
Zm00001eb264780	0.049657091	0.01506603	0.015063612	0.017963097	0.018214215
Zm00001eb271970	0.640038738	0.504233041	0.471564299	0.440231615	0.406874169
Zm00001eb274800	0.110144607	0.058570114	0.008031833	0.013003898	0.021279862
Zm00001eb280500	0.467760357	0.276387867	0.237956204	0.173350448	0.089394449
Zm00001eb284130	0.010830425	0	0.000803183	0.000394058	0.000221665
Zm00001eb284410	0.038826666	0.034220356	0.030657446	0.024171429	0.025215504
Zm00001eb292830	0.254620848	0.160736271	0.159668009	0.183841218	0.225450097
Zm00001eb296770	0.032491274	0.016760035	0.015260483	0.021576575	0.014575572
Zm00001eb303220	0.312065487	0.226800352	0.205980986	0.195447939	0.181130829
Zm00001eb313820	0.313268004	0.244336921	0.257204856	0.249686928	0.211160636
Zm00001eb316740	0.224784246	0.158250021	0.128055197	0.072968243	0.101443678
Zm00001eb317100	0.431588363	0.306652847	0.323229918	0.29758533	0.268991678
Zm00001eb320340	0.120975032	0.072732433	0.068543542	0.091042695	0.094438056
Zm00001eb324300	0.439375911	0.356258021	0.33617519	0.31176498	0.29038492
Zm00001eb331880	0.621032561	0.464421892	0.318569666	0.138584597	0.068038893
Zm00001eb337450	0.285271762	0.14219027	0.166079081	0.128582452	0.073082861
Zm00001eb349730	0.268105945	0.222604385	0.202436209	0.171928172	0.166600923
Zm00001eb352570	0.060487516	0.051680677	0.031930461	0.027487438	0.021798526
Zm00001eb353320	0.203123397	0.14178342	0.145863018	0.150486766	0.142640078
Zm00001eb354880	0.131805456	0.022949187	0.008031833	0.003546518	0.004433305
Zm00001eb360510	0.010830425	0	0	0	0.000221665
Zm00001eb361390	0.054152123	0.026540624	0.017806513	0.008505717	0.012764584
Zm00001eb361590	0.125470064	0.083620157	0.086016704	0.09129577	0.091297076
Zm00001eb361790	0.366411713	0.236790109	0.153439413	0.09444823	0.108114635
Zm00001eb362740	0.459019932	0.223965944	0.055495739	0.023546863	0.01808455
Zm00001eb373300	0.345759278	0.252374455	0.237062269	0.245734737	0.259556821
Zm00001eb375660	0.241950063	0.144787986	0.127252013	0.124173155	0.100331018
Zm00001eb379550	0.209458789	0.129111681	0.152363268	0.139408761	0.120544554
Zm00001eb380990	0.086643398	0.038015217	0.043978211	0.047718292	0.048879711
Zm00001eb388060	0.276919541	0.20435182	0.212666327	0.199261656	0.181214523
Zm00001eb388300	0.228270864	0.083976403	0.098004064	0.108351598	0.138060802
Zm00001eb389900	0.231119638	0.190574895	0.189931715	0.166176328	0.143547739
Zm00001eb399030	0.203123397	0.148469433	0.134359884	0.137348306	0.13663845
Zm00001eb403140	0.181462547	0.12662738	0.133813961	0.127563828	0.112781937
Zm00001eb406000	0.010830425	0	0.004015916	0.003940575	0.001773322
Zm00001eb425230	0.142635881	0.109116456	0.100216743	0.080164929	0.079419153
Zm00001eb425660	0.114639639	0.084003602	0.078788054	0.059837487	0.06386492
Zm00001eb427580	0.529304438	0.376095471	0.404960359	0.393369747	0.338559728
Zm00001eb428800	0.021660849	0.011971454	0.00722865	0.008669265	0.007093287
Zm00001eb428890	0.161642058	0.054978678	0.096458087	0.085228421	0.116421302
Zm00001eb430300	0.699371888	0.405845114	0.35134911	0.353050886	0.416499993
Zm00001eb001460	2.228544215	2.268250257	2.210884063	2.109812948	1.979022142
Zm00001eb005740	0.696886171	0.556292581	0.393346521	0.176718043	0.044170048
Zm00001eb006360	0.899330843	0.880998395	0.826296861	0.758466482	0.658518321
Zm00001eb008010	0.374587465	0.422742785	0.280967004	0.211588793	0.147914378
Zm00001eb008680	0.457784882	0.39593248	0.266408436	0.157813198	0.085307605
Zm00001eb024680	0.527859669	0.526065624	0.488982451	0.411515589	0.331160165
Zm00001eb031310	0.4683982	0.456955448	0.421003012	0.387007598	0.377026736
Zm00001eb031560	0.021660849	0.007883157	0.0048191	0.00472869	0.01084493
Zm00001eb032000	0.235614671	0.191883506	0.171110753	0.165617438	0.118323929
Zm00001eb032060	0.952426401	0.924190199	0.875800648	0.87399497	0.757461331
Zm00001eb033590	0.147130913	0.14038285	0.133147258	0.134233178	0.106630005
Zm00001eb035370	0.592027904	0.518152793	0.555036878	0.511658431	0.424010465
Zm00001eb036170	0.27893637	0.217543824	0.268252552	0.230473926	0.2252726
Zm00001eb036990	0.774766139	0.994842304	0.682747061	0.393642278	0.212909004
Zm00001eb037670	0.16429673	0.104357023	0.129389909	0.132084575	0.102933056
Zm00001eb041450	0.553024769	0.612055216	0.417777192	0.214058072	0.114953285
Zm00001eb041850	1.840489012	1.943658427	1.832944955	1.71296448	1.502875598
Zm00001eb042980	0.333088493	0.324997372	0.277573103	0.221419686	0.200144401
Zm00001eb043940	0.451038282	0.453773205	0.264071366	0.181528426	0.123489202
Zm00001eb045630	0.383771632	0.334430126	0.310625704	0.253234794	0.181102606
Zm00001eb047760	0.215794181	0.190664906	0.191871432	0.178488699	0.156869014
Zm00001eb049650	0.064982548	0.042103514	0.045584577	0.054186761	0.035265772
Zm00001eb051370	0.119134672	0.103271343	0.119929024	0.096224699	0.09118841
Zm00001eb053460	0.45059454	0.365248314	0.316325386	0.254319541	0.19208912
Zm00001eb057410	0.302437579	0.253233305	0.286271638	0.272386931	0.260956333
Zm00001eb058480	0.176967515	0.23828069	0.168231371	0.107496523	0.042656057
Zm00001eb059460	0.131805456	0.133493413	0.1259947	0.124210487	0.088620427
Zm00001eb062760	0.077653333	0.049286386	0.051268557	0.047420823	0.044575712
Zm00001eb067160	0.409927513	0.359810445	0.386976531	0.385568299	0.391081732
Zm00001eb067340	0.125470064	0.095388186	0.098867636	0.108083757	0.110732617
Zm00001eb073900	1.207072026	1.138119044	1.066044912	1.035644677	0.915943248
Zm00001eb074570	0.010830425	0.002394291	0.003212733	0.004855548	0.004876635
Zm00001eb074730	0.038826666	0.019154326	0.020079582	0.01297427	0.011748257
Zm00001eb075080	0.103809215	0.069841282	0.091972338	0.078849478	0.067114566
Zm00001eb076420	0.043321699	0.033520071	0.012047749	0.010245496	0.010012602
Zm00001eb076640	0.45059454	0.332651854	0.337193757	0.30506536	0.308275338
Zm00001eb079510	0.206610015	0.156253871	0.165046384	0.173244265	0.195485458
Zm00001eb082150	0.97168134	0.961570546	0.909632268	0.775055879	0.560134419
Zm00001eb089380	0.125470064	0.088091899	0.109991424	0.102329381	0.099963381
Zm00001eb091300	0.125470064	0.097782476	0.085743742	0.062759438	0.039343773
Zm00001eb092480	0.054152123	0.063268685	0.022625613	0.018357155	0.014776599
Zm00001eb092810	0.239101289	0.216792935	0.204525495	0.174384575	0.164313632
Zm00001eb100610	0.054152123	0.044994665	0.04143218	0.038588009	0.03859075
Zm00001eb100750	0.153466306	0.121928809	0.125585258	0.120069673	0.103676996
Zm00001eb101920	0.231119638	0.216296075	0.184947345	0.106054213	0.068720555
Zm00001eb102090	0.354572874	0.359213933	0.341571814	0.340386407	0.313577862
Zm00001eb102260	0.103809215	0.075596385	0.073499122	0.071265155	0.073526191
Zm00001eb104350	0.45489547	0.393107585	0.338800124	0.292248218	0.23551958
Zm00001eb104790	0.293447514	0.229493822	0.225196996	0.223523894	0.224971629
Zm00001eb107920	0.299588805	0.254138964	0.244912934	0.258764375	0.310055542
Zm00001eb108930	0.198434263	0.181199208	0.159652307	0.147683969	0.107980635
Zm00001eb112080	0.066822908	0.053578107	0.054556074	0.052052925	0.047106389
Zm00001eb116410	0.265451273	0.225196357	0.210861783	0.215649806	0.234201218
Zm00001eb121110	0.192292972	0.133788797	0.142043972	0.158487712	0.146906772
Zm00001eb123510	0.321443756	0.291361937	0.310381531	0.28328473	0.253039078
Zm00001eb128930	0.043321699	0.028234629	0.030187614	0.039837142	0.035926795
Zm00001eb133000	0.304277939	0.349032239	0.31832164	0.257596969	0.191112716
Zm00001eb134600	0.749178502	0.704658042	0.752483408	0.686419501	0.602215538
Zm00001eb135750	0.738542179	0.601822524	0.685844278	0.654091506	0.61362569
Zm00001eb136060	0.823469719	0.658735868	0.710765513	0.665989737	0.520533588
Zm00001eb142180	0.16429673	0.131394507	0.136966305	0.144412355	0.137838776
Zm00001eb143110	0.218448854	0.212031553	0.177324955	0.118821182	0.090280749
Zm00001eb145150	0.369260487	0.343887806	0.193525101	0.12716335	0.095304078
Zm00001eb145660	0.410371255	0.40740517	0.27423724	0.16733276	0.101222012
Zm00001eb147970	0.656639882	0.607343207	0.471379012	0.323468322	0.266377326
Zm00001eb148320	0.163288316	0.135797693	0.126313657	0.139399167	0.135010209
Zm00001eb149810	0.025147467	0.013168599	0.009304848	0.008899774	0.013023916
Zm00001eb151240	0.258921778	0.294955322	0.245443156	0.17215993	0.103927319
Zm00001eb153100	0.430579948	0.451546728	0.431351363	0.396309092	0.368354112
Zm00001eb157270	0.629776557	0.636219825	0.561414777	0.523342861	0.597400988
Zm00001eb159750	0.060487516	0.054571828	0.053949761	0.045790769	0.046089702
Zm00001eb161000	0.262602498	0.228001293	0.181687309	0.148352288	0.114170595
Zm00001eb162130	0.334928853	0.282632136	0.284133742	0.291063179	0.282605257
Zm00001eb168120	0.241950063	0.087911878	0.059238693	0.102797461	0.160268964
Zm00001eb172100	0.462239277	0.376185086	0.417804673	0.42092408	0.426796343
Zm00001eb176740	0.200274622	0.180115477	0.175793372	0.151357345	0.150252029
Zm00001eb179440	1.281803413	1.20124322	1.029149256	0.905103038	0.757984817
Zm00001eb179960	0.060487516	0.065256126	0.049600494	0.021509615	0.010547932
Zm00001eb183700	0.119134672	0.092993895	0.090169101	0.069361828	0.052865352
Zm00001eb185110	0.010830425	0.012671739	0.010714345	0.00472869	0.003232979
Zm00001eb187040	1.589492208	1.521625478	1.477665711	1.416992741	1.280489768
Zm00001eb187880	0.108304247	0.045491525	0.026914491	0.013070858	0.009125941
Zm00001eb188950	0.140795521	0.127417676	0.150090199	0.121214513	0.118897286
Zm00001eb193790	0.783000367	0.886039705	0.74033414	0.544105874	0.412752595
Zm00001eb198700	1.926658363	1.979362952	1.912231118	1.851806328	1.735401525
Zm00001eb199140	0.175127155	0.172208915	0.153833154	0.152524014	0.1237942
Zm00001eb199940	0.272354909	0.264639344	0.281117879	0.241090913	0.222695949
Zm00001eb206760	0.267291632	0.243679546	0.238138414	0.219610927	0.199233489
Zm00001eb207760	1.17938788	1.09237414	1.034466239	0.996906048	0.901130111
Zm00001eb209480	0.514173083	0.503829591	0.506522206	0.461927249	0.443454166
Zm00001eb214850	0.207618429	0.217115519	0.21537632	0.193168697	0.165944307
Zm00001eb227180	0.325938788	0.296895663	0.226512152	0.166092581	0.145915057
Zm00001eb229050	0.306932611	0.308215881	0.290225857	0.247688165	0.239225176
Zm00001eb229950	0.408087153	0.36694037	0.386416213	0.360746693	0.323848371
Zm00001eb232050	0.138140849	0.126920815	0.118280516	0.090731102	0.077775497
Zm00001eb232120	0.362925095	0.291882201	0.291076343	0.243576338	0.12396685
Zm00001eb233350	0.136300489	0.115943082	0.102156461	0.112879407	0.097395037
Zm00001eb237460	0.44831401	0.40466605	0.408077295	0.377257042	0.283668278
Zm00001eb238060	1.260655905	1.128161733	1.068536424	1.028517815	0.891638889
Zm00001eb243260	0.082148365	0.056469258	0.054222723	0.052052925	0.058837619
Zm00001eb243910	0.209458789	0.182102918	0.181960271	0.158635757	0.153556729
Zm00001eb244380	0.103809215	0.084410452	0.087759551	0.079928	0.068904915
Zm00001eb249730	0.16429673	0.163717432	0.165656551	0.142702204	0.125944186
Zm00001eb250190	1.854745193	1.841165855	1.810783974	1.756735625	1.629016773
Zm00001eb250280	0.131805456	0.182419757	0.062118075	0.043056562	0.024680174
Zm00001eb250620	0.379082497	0.288836675	0.252624768	0.243649719	0.225406599
Zm00001eb252640	0.125470064	0.122132234	0.122902746	0.105949921	0.089741447
Zm00001eb253150	0.049657091	0.054571828	0.047327425	0.0383575	0.038624444
Zm00001eb255670	0.680393668	0.710679381	0.669319912	0.476722058	0.244005137
Zm00001eb258240	0.588808559	0.493069417	0.406358076	0.341518284	0.259744451
Zm00001eb259870	0.176967515	0.12472995	0.142255236	0.156635842	0.149713448
Zm00001eb261130	0.222129574	0.215736403	0.215634888	0.200056833	0.209507971
Zm00001eb264080	0.157961338	0.173204585	0.172639721	0.141192934	0.120925606
Zm00001eb267130	0.324098428	0.256938156	0.269539962	0.244950404	0.259409767
Zm00001eb273580	0.159801698	0.117637088	0.12846464	0.131193451	0.138645067
Zm00001eb274340	0.175127155	0.184497209	0.15154569	0.103057598	0.109916253
Zm00001eb275690	0.241950063	0.228836842	0.218165216	0.201335594	0.176535663
Zm00001eb275820	0.179622187	0.066046421	0.100943835	0.112091292	0.14606175
Zm00001eb278870	0.086643398	0.053466642	0.061451373	0.053562836	0.046274061
Zm00001eb289860	0.557644304	0.530127777	0.554185598	0.510492266	0.474488377
Zm00001eb290900	0.572207415	0.50369327	0.505368996	0.435568766	0.346331427
Zm00001eb291470	0.09297879	0.094666445	0.086683406	0.073860009	0.072526531
Zm00001eb292900	0.175127155	0.15843199	0.158985605	0.161654297	0.141264836
Zm00001eb294030	2.06081665	1.9106858	1.863343086	1.947755812	1.937375532
Zm00001eb303810	0.446719718	0.330977354	0.241019104	0.158367917	0.184142865
Zm00001eb306220	0.157961338	0.12531682	0.13608703	0.133534589	0.120540581
Zm00001eb307400	0.043321699	0.005985727	0.005622283	0.011264119	0.012764584
Zm00001eb308280	0.712386297	0.637547001	0.634564915	0.606779616	0.594030835
Zm00001eb309370	0.433058152	0.414045928	0.410890862	0.37451826	0.341344413
Zm00001eb309600	0.220289214	0.191883506	0.188917267	0.185201802	0.19063712
Zm00001eb311020	0.320854063	0.239884685	0.233836449	0.230286659	0.247381539
Zm00001eb311180	1.331178965	1.413163308	1.359798898	1.222863866	0.967952829
Zm00001eb312620	0.196788004	0.193284076	0.171442797	0.151705629	0.120473555
Zm00001eb312850	0.010830425	0.005985727	0.005622283	0.004334633	0.002346318
Zm00001eb314500	0.147130913	0.06216155	0.103096125	0.113490491	0.113175268
Zm00001eb316260	0.855396321	0.816502129	0.814447617	0.79681084	0.718488545
Zm00001eb316800	0.120975032	0.104468488	0.100883446	0.078387819	0.065173912
Zm00001eb320200	0.274441337	0.225630406	0.254263777	0.258616842	0.24437781
Zm00001eb320870	2.779010991	2.787060022	2.735693505	2.685071487	2.536893184
Zm00001eb321680	0.48023704	0.508055101	0.495309241	0.419261212	0.370791379
Zm00001eb325760	0.284263348	0.231594678	0.233291833	0.231166736	0.244307532
Zm00001eb330690	0.267097531	0.256770343	0.207268396	0.181385552	0.157106984
Zm00001eb331630	0.240109703	0.204353769	0.184703172	0.177840925	0.143581433
Zm00001eb332590	0.261770553	0.198954913	0.243338168	0.210585032	0.21899064
Zm00001eb333750	0.18595758	0.163130562	0.158864826	0.166479576	0.180298862
Zm00001eb355110	0.356589702	0.259130971	0.287954096	0.271338679	0.252760893
Zm00001eb358260	0.467760357	0.410450302	0.399601804	0.395181428	0.407066675
Zm00001eb360340	0.335760799	0.310743092	0.29898609	0.204050244	0.136910836
Zm00001eb361210	0.369260487	0.326894802	0.350237441	0.296988501	0.294071773
Zm00001eb361750	0.120975032	0.124029664	0.095654903	0.088728653	0.062827594
Zm00001eb362090	0.353740928	0.296353943	0.301362997	0.318509089	0.309265556
Zm00001eb363810	1.557710354	1.657371175	1.544931725	1.385176221	1.116793556
Zm00001eb365880	0.049657091	0.056175823	0.03179398	0.040461708	0.027908117
Zm00001eb369280	0.207618429	0.146278567	0.187629857	0.145958315	0.084675777
Zm00001eb369560	0.075812973	0.051569211	0.047327425	0.044432553	0.061828294
Zm00001eb373670	0.369260487	0.430710209	0.347998588	0.236779488	0.20598303
Zm00001eb378820	0.806248999	0.837163385	0.805521966	0.769016926	0.56853211
Zm00001eb380460	0.380922857	0.348466823	0.384871543	0.342491394	0.28751192
Zm00001eb399440	0.431394261	0.481155123	0.342571868	0.249159462	0.13211748
Zm00001eb399930	0.489421206	0.494023753	0.449145832	0.458002081	0.407570096
Zm00001eb400130	0.144476241	0.16186681	0.098673381	0.055771337	0.03116352
Zm00001eb402950	0.077653333	0.065346136	0.051873563	0.05894508	0.0618866
Zm00001eb403770	0.010830425	0.002394291	0.003212733	0.008899774	0.001773322
Zm00001eb404260	1.112759073	1.101202145	1.088903619	0.986648785	0.746310739
Zm00001eb405850	0.28875838	0.281064983	0.253793945	0.247390055	0.209898032
Zm00001eb407810	0.114639639	0.102571058	0.102686683	0.103682164	0.090205417
Zm00001eb408640	0.822707373	0.723395481	0.725037057	0.608859853	0.477682156
Zm00001eb408800	1.054732128	0.909090461	0.798109682	0.678031949	0.51437229
Zm00001eb408860	0.139787107	0.118427383	0.056571884	0.026996792	0.021392862
Zm00001eb413890	0.72162243	0.565514679	0.549445401	0.474938908	0.456379796
Zm00001eb416980	0.217634541	0.206448881	0.187221721	0.143134235	0.111727602
Zm00001eb419680	0.203123397	0.15684945	0.141452053	0.160501753	0.160504045
Zm00001eb420370	0.398088674	0.313787065	0.356527735	0.319831507	0.305136834
Zm00001eb427380	0.043321699	0.06315527	0.03420353	0.017174982	0.010807263
Zm00001eb427790	0.285271762	0.23660814	0.243108655	0.219574236	0.205816058
Zm00001eb429450	0.168791763	0.142483706	0.151423604	0.139779611	0.131335512
Zm00001eb430240	0.142635881	0.17232233	0.06325461	0.021970633	0.008331279
Zm00001eb432090	0.034331634	0.019042861	0.021685949	0.026305266	0.032012154
Zm00001eb000690	0.645171614	0.641224155	0.655202052	0.63802145	0.57144984
Zm00001eb001670	0.103809215	0.132703118	0.076181634	0.031658522	0.018306215
Zm00001eb002310	0.190452612	0.310700182	0.299274754	0.186220426	0.116354275
Zm00001eb004670	0.010830425	0.001197145	0.001606367	0.001970288	0.005319966
Zm00001eb005690	0.220289214	0.309637906	0.273193738	0.197314576	0.132715864
Zm00001eb022070	0.010830425	0.016760035	0.013320765	0.01441658	0.006687623
Zm00001eb035030	0.241950063	0.217563725	0.239655603	0.236885801	0.24476789
Zm00001eb035640	0.369066385	0.469114615	0.453545696	0.421533685	0.364380762
Zm00001eb038320	0.010830425	0.016760035	0.020549414	0.012446292	0.007093287
Zm00001eb042240	0.240941649	0.214901945	0.193648495	0.178607116	0.176036936
Zm00001eb042490	0.147130913	0.195271517	0.151410517	0.150813222	0.14487773
Zm00001eb050220	0.724294736	0.785367936	0.757600669	0.733863207	0.688092361
Zm00001eb050660	0.717959343	0.705117968	0.750480974	0.767252554	0.629570135
Zm00001eb053870	0.131805456	0.094891325	0.107492695	0.089726602	0.081430807
Zm00001eb055990	0.110144607	0.07722758	0.086819887	0.095831283	0.11292863
Zm00001eb056620	0.472061287	0.491229448	0.50800159	0.499054231	0.472537883
Zm00001eb056780	0.192292972	0.242165561	0.284860834	0.241894532	0.19400444
Zm00001eb062170	0.010830425	0	0.001606367	0.001182173	0.001773322
Zm00001eb064730	0.324098428	0.3528271	0.356784994	0.357766734	0.326680019
Zm00001eb066770	0.51418047	0.728882572	0.521209502	0.345646898	0.20154178
Zm00001eb071990	0.198628364	0.345368349	0.223300726	0.090604243	0.046202701
Zm00001eb073130	0.136300489	0.087301603	0.132134118	0.128218023	0.118599927
Zm00001eb084300	0.175127155	0.18844684	0.195981406	0.199916492	0.178835232
Zm00001eb088080	0.157961338	0.187971435	0.202100243	0.155876713	0.09959105
Zm00001eb089580	0.316754622	0.289487911	0.309109823	0.319683462	0.341325126
Zm00001eb092090	0.190452612	0.163242027	0.167761539	0.148717359	0.167044975
Zm00001eb095290	0.29674003	0.287584736	0.311157233	0.28491697	0.261889021
Zm00001eb099960	0.269946305	0.296622129	0.311791028	0.272551121	0.2619035
Zm00001eb100410	0.16429673	0.225720416	0.185566745	0.190301983	0.143430767
Zm00001eb101040	0.200468724	0.289740385	0.299713181	0.241864426	0.119215645
Zm00001eb101130	0.060487516	0.063855556	0.063724442	0.065894634	0.046462033
Zm00001eb101190	0.142635881	0.247789298	0.24159532	0.169199397	0.118756461
Zm00001eb101700	0.066822908	0.050980392	0.047857646	0.044238735	0.032827454
Zm00001eb104750	0.78021762	0.822764791	0.828737925	0.813704969	0.7593554
Zm00001eb106720	0.19393923	0.171510579	0.170094997	0.158599067	0.144928812
Zm00001eb110960	0.159801698	0.161751446	0.10899137	0.049101345	0.052777325
Zm00001eb111570	0.189444198	0.233470653	0.239566424	0.217894997	0.180733184
Zm00001eb113710	0.267291632	0.318718209	0.282330505	0.251613974	0.237807592
Zm00001eb113950	0.388266664	0.453108137	0.504277927	0.477271734	0.37021441
Zm00001eb117830	0.307570455	0.443550155	0.407939507	0.341485409	0.231776531
Zm00001eb118950	0.27709601	0.287115075	0.290227165	0.293087148	0.254253107
Zm00001eb119340	0.222943886	0.255220746	0.287647184	0.232419887	0.195079434
Zm00001eb120750	0.3655974	0.38734284	0.392764349	0.371181347	0.303304143
Zm00001eb122470	0.498785413	0.589220894	0.516475774	0.432495523	0.360179402
Zm00001eb123570	0.010830425	0.01664857	0.009638199	0.009457381	0.008941942
Zm00001eb126140	0.545981934	0.577789536	0.60745079	0.540460086	0.467526605
Zm00001eb133640	0.25911588	0.240268131	0.228439826	0.253151623	0.237305883
Zm00001eb135400	0.120975032	0.09459789	0.110051813	0.11084216	0.129432163
Zm00001eb138370	0.136300489	0.119444508	0.104172271	0.082893704	0.103083361
Zm00001eb139480	0.159801698	0.197624847	0.191068249	0.177634265	0.160264289
Zm00001eb142540	1.033635951	1.2082727	1.142592674	1.042884004	0.854489505
Zm00001eb143690	0.021660849	0.017957181	0.008835016	0.00788115	0.001773322
Zm00001eb148820	0.441216271	0.419759674	0.427470354	0.439325629	0.468864469
Zm00001eb148850	0.396054213	0.320637095	0.352379456	0.333817339	0.348421971
Zm00001eb152350	0.127310424	0.162948592	0.131086762	0.112128624	0.058728954
Zm00001eb157450	0.260762138	0.249258423	0.273499608	0.271412701	0.278875697
Zm00001eb164530	0.086643398	0.052674397	0.061254503	0.056878845	0.059059285
Zm00001eb170540	0.843751584	0.977733324	0.99395067	0.891523371	0.712354792
Zm00001eb171080	0.268105945	0.285777316	0.298195993	0.259110054	0.224260245
Zm00001eb171720	0.469406615	0.576107018	0.464892113	0.398668819	0.322428887
Zm00001eb174990	0.18595758	0.214742683	0.228227253	0.20850214	0.199279155
Zm00001eb175840	0.333920439	0.377333182	0.36351633	0.336420538	0.320892453
Zm00001eb181510	0.181462547	0.194340608	0.209269811	0.192027638	0.194816851
Zm00001eb181960	0.129965096	0.12382624	0.127328105	0.119481797	0.113764931
Zm00001eb184050	0.157961338	0.135797693	0.14305842	0.137281346	0.146885411
Zm00001eb185290	0.324340681	0.433718569	0.41096303	0.382630202	0.338635207
Zm00001eb186770	0.241950063	0.245058662	0.192341265	0.175112792	0.154723
Zm00001eb189840	0.038826666	0.048789526	0.046054409	0.01605977	0.007979948
Zm00001eb190840	0.531540389	0.6422182	0.641762012	0.621253691	0.503637665
Zm00001eb194770	0.142635881	0.198276083	0.178398485	0.150345142	0.12165288
Zm00001eb195650	0.739990763	0.898811064	0.888436479	0.857605422	0.781602426
Zm00001eb197620	0.220289214	0.200963809	0.204587192	0.211425245	0.202466107
Zm00001eb198620	0.017165817	0.004788582	0.003212733	0.003546518	0.005763296
Zm00001eb199110	0.243596321	0.236770603	0.252522237	0.270052214	0.233944777
Zm00001eb201150	0.114639639	0.112848506	0.099005425	0.116396297	0.093087065
Zm00001eb203940	0.038826666	0.028731489	0.033066996	0.028736571	0.033325118
Zm00001eb207650	0.543379228	0.558433306	0.602271271	0.541962237	0.511012047
Zm00001eb208830	0.09297879	0.078424725	0.081334085	0.092565578	0.091117411
Zm00001eb213600	0.032491274	0.035914362	0.035809897	0.030572938	0.03912608
Zm00001eb214840	0.203123397	0.229583833	0.204980932	0.198413643	0.180499528
Zm00001eb215190	0.157961338	0.202841733	0.191857038	0.164249151	0.124455223
Zm00001eb215870	0.049657091	0.041403228	0.045721058	0.046469159	0.048565686
Zm00001eb216060	0.140795521	0.12581368	0.167548967	0.134790784	0.052760659
Zm00001eb217440	0.349439998	0.311533388	0.34673866	0.388103896	0.385019232
Zm00001eb218610	0.043321699	0.058255223	0.069013374	0.053792704	0.03456311
Zm00001eb219490	2.211753413	2.165900703	2.162078202	2.19697089	2.278999254
Zm00001eb228170	0.18595758	0.130602262	0.136407294	0.11875358	0.135007849
Zm00001eb228320	0.883429628	1.224444294	1.22508767	1.033373532	0.702279108
Zm00001eb228620	3.038164489	3.07437306	3.064707436	3.03166221	2.972373359
Zm00001eb239680	0.346591223	0.311670207	0.34830315	0.347585025	0.289186417
Zm00001eb242030	0.049657091	0.044000944	0.064589322	0.03678127	0.037185426
Zm00001eb243050	0.205778069	0.203835454	0.171382407	0.194473068	0.211653966
Zm00001eb243450	0.108304247	0.111651361	0.117750295	0.113527181	0.094475722
Zm00001eb244400	0.139787107	0.088001888	0.110840602	0.128284983	0.113593987
Zm00001eb244720	0.170632123	0.169724614	0.150405302	0.156082254	0.162647912
Zm00001eb246010	0.09297879	0.114655926	0.113524421	0.101906978	0.082042191
Zm00001eb248590	0.153466306	0.224586082	0.183688724	0.131311868	0.088227818
Zm00001eb248640	1.114093236	1.203482741	1.008243643	0.926477471	1.20807392
Zm00001eb248780	0.176967515	0.213228698	0.216358126	0.196026732	0.179494831
Zm00001eb250240	0.075812973	0.084703887	0.100943835	0.092551965	0.04394441
Zm00001eb251390	0.103809215	0.145871717	0.13823932	0.058551664	0.020652533
Zm00001eb252180	0.5163914	0.682318735	0.678752935	0.534971278	0.342659811
Zm00001eb256420	0.170632123	0.194164382	0.207507407	0.190866652	0.176643914
Zm00001eb256730	0.157961338	0.166336603	0.191917427	0.115505173	0.065320605
Zm00001eb275730	0.762413959	0.746160528	0.774289162	0.74536165	0.76536996
Zm00001eb278470	0.054152123	0.034920641	0.042038493	0.044431912	0.049134709
Zm00001eb278670	0.155306666	0.272096145	0.18443021	0.150813863	0.127286871
Zm00001eb284910	0.218448854	0.181809483	0.190584022	0.212986709	0.20650899
Zm00001eb287060	0.010830425	0.009577163	0.010244513	0.010639553	0.005043967
Zm00001eb292380	0.16429673	0.161344596	0.164351936	0.165187332	0.155740048
Zm00001eb295800	0.19393923	0.234667799	0.235790562	0.195298515	0.18699918
Zm00001eb295830	0.581003378	0.687443662	0.740635144	0.758068829	0.708649861
Zm00001eb299300	0.709343421	0.81249658	0.736840076	0.694709769	0.467432525
Zm00001eb300940	0.573215829	0.487638869	0.517192129	0.550548966	0.573351344
Zm00001eb312160	0.09297879	0.098455562	0.08574505	0.070180212	0.064969274
Zm00001eb315330	0.086643398	0.119303894	0.096594567	0.069294867	0.035801102
Zm00001eb315610	0.097473822	0.184904059	0.150607334	0.072975306	0.033270785
Zm00001eb315910	0.430579948	0.604152054	0.456135735	0.341124868	0.275659023
Zm00001eb318730	0.060487516	0.053081247	0.062451426	0.056744925	0.051468334
Zm00001eb324660	0.119134672	0.136764215	0.115947058	0.106189513	0.103233666
Zm00001eb327230	0.082148365	0.11065764	0.082137268	0.071822761	0.042618391
Zm00001eb329910	0.224784246	0.229090871	0.228349339	0.218638076	0.218213006
Zm00001eb331250	0.136300489	0.116733378	0.150743815	0.114031952	0.076775837
Zm00001eb332860	0.131805456	0.158138555	0.170551743	0.116657076	0.054479648
Zm00001eb337810	0.864455985	0.974457635	0.899777649	0.895300818	0.826178238
Zm00001eb343660	0.333088493	0.301936719	0.311035147	0.307987311	0.294368373
Zm00001eb352240	0.140795521	0.144066246	0.11753903	0.117794854	0.115662883
Zm00001eb356490	2.09691796	1.984537101	1.955033199	2.038565722	2.058478905
Zm00001eb356650	0.136300489	0.15775316	0.148347352	0.143289438	0.139089822
Zm00001eb357490	0.140795521	0.107563064	0.101808715	0.113169814	0.113610654
Zm00001eb359990	0.207618429	0.224523271	0.218255702	0.203075373	0.175008257
Zm00001eb360260	0.010830425	0.001197145	0.001606367	0.002200796	0.004784636
Zm00001eb363140	0.032491274	0.011971454	0.006895298	0.017963097	0.029594475
Zm00001eb365080	1.122071314	1.095719636	1.100478221	1.173011371	1.160236407
Zm00001eb366690	0.142635881	0.155155445	0.142255236	0.139934207	0.138445466
Zm00001eb367660	0.097473822	0.115041321	0.099943782	0.09760069	0.08928145
Zm00001eb369730	0.18595758	0.243677597	0.256748111	0.217024514	0.156455043
Zm00001eb370470	0.097473822	0.098776197	0.112870806	0.103020907	0.102677336
Zm00001eb371020	0.453887056	0.483760137	0.456312784	0.426741528	0.38428468
Zm00001eb372960	0.352926616	0.396739983	0.369747542	0.304406872	0.187706897
Zm00001eb373390	0.128956682	0.129111681	0.114794821	0.107295642	0.108883963
Zm00001eb378270	0.09297879	0.098482761	0.111643785	0.094572556	0.084090789
Zm00001eb388180	0.400743347	0.493556436	0.495504803	0.491413647	0.4673172
Zm00001eb392440	0.224784246	0.274097743	0.247069343	0.245017016	0.231204891
Zm00001eb395300	0.452240798	0.720053222	0.762086752	0.705927668	0.583896423
Zm00001eb399800	0.049657091	0.045898375	0.036749561	0.046432469	0.048365021
Zm00001eb403060	0.168791763	0.156241125	0.172655423	0.169371899	0.166584617
Zm00001eb405630	0.867498861	1.049609837	0.94761366	0.745091831	0.587236055
Zm00001eb406610	0.038826666	0.040206083	0.052752838	0.044038496	0.031588211
Zm00001eb407120	0.187603838	0.234597294	0.224408207	0.203632979	0.178780539
Zm00001eb413100	0.099314182	0.078284111	0.074635657	0.071793133	0.076659226
Zm00001eb415010	0.224784246	0.227394916	0.250627207	0.228407692	0.230893536
Zm00001eb415640	0.099314182	0.027037484	0.045917929	0.042759093	0.053814652
Zm00001eb416530	0.138140849	0.097782476	0.093973753	0.121275053	0.123275897
Zm00001eb417000	0.299588805	0.313474124	0.324173436	0.307489603	0.298228321
Zm00001eb418630	0.075812973	0.087098178	0.127918716	0.096618757	0.082647799
Zm00001eb419910	0.497208755	0.407006013	0.426457214	0.483076795	0.558332691
Zm00001eb424870	0.010830425	0.001197145	0.001606367	0.001182173	0.002216652
Zm00001eb427470	0.97327651	0.967394515	0.79777296	0.937621065	1.25806179
Zm00001eb428400	0.335760799	0.424961245	0.443400155	0.326679267	0.231484281
Zm00001eb428430	0.090130016	0.088205313	0.085350001	0.076314522	0.091719407
Zm00001eb429720	0.086643398	0.164124282	0.11661376	0.08036581	0.041046095
Zm00001eb433020	0.133645816	0.13787135	0.113673989	0.113428702	0.092008406
Zm00001eb000470	0	0.003591436	0.00240955	0.003382969	0.005671297
Zm00001eb001720	0	0	0.001606367	0.00157623	0.001551657
Zm00001eb001990	0	0.003591436	0.009896767	0.008342168	0.009790937
Zm00001eb003470	0	0.002394291	0.001606367	0.003777027	0.001773322
Zm00001eb006680	0.110144607	0.181899493	0.134815322	0.1176757	0.14497009
Zm00001eb008690	0.010830425	0.012671739	0.024504942	0.01612673	0.010807263
Zm00001eb010050	0	0.007182872	0.028914598	0.046372571	0.060891273
Zm00001eb010190	0.145044485	0.188180604	0.191040768	0.180325708	0.166178953
Zm00001eb011550	0	0.001197145	0	0.000788115	0.002438318
Zm00001eb015320	0.105649575	0.061461265	0.06372575	0.046900549	0.052313356
Zm00001eb015490	0	0.001197145	0.000803183	0.001806739	0.002216652
Zm00001eb019090	0.205778069	0.240583021	0.244535092	0.219366293	0.140093094
Zm00001eb021750	0.021660849	0.002394291	0.008501665	0.011725137	0.021798526
Zm00001eb023160	0.09297879	0.117840513	0.109385111	0.103339051	0.094065725
Zm00001eb024300	0	0.001197145	0	0.000394058	0.000664996
Zm00001eb025220	0	0	0	0	0.000221665
Zm00001eb028160	0	0.003591436	0.005288932	0.009918398	0.02157686
Zm00001eb031300	0.201283037	0.194573181	0.210026999	0.211061457	0.211360959
Zm00001eb032370	0.09297879	0.152559678	0.143712035	0.114179485	0.100243352
Zm00001eb035050	0.179622187	0.169431179	0.197963548	0.190033501	0.18547582
Zm00001eb035740	0.055992483	0.061461265	0.056495792	0.071458973	0.072635197
Zm00001eb036920	0.110144607	0.098482761	0.100216743	0.088574058	0.124296557
Zm00001eb040160	0.032491274	0.051477252	0.044114692	0.050900381	0.041246761
Zm00001eb040700	0.12262129	0.195860337	0.188372651	0.188836596	0.14374082
Zm00001eb042400	0.231119638	0.182306343	0.243293481	0.237692571	0.226317945
Zm00001eb044660	0	0.001197145	0.008501665	0.005353257	0.010769597
Zm00001eb048370	0	0.002394291	0.00240955	0.005122748	0.007979948
Zm00001eb051120	0.131805456	0.096878766	0.154772818	0.148352288	0.135952454
Zm00001eb051380	0.131805456	0.186396588	0.110521645	0.097214337	0.138354622
Zm00001eb052150	0.082148365	0.166833463	0.135088284	0.047198018	0.032547484
Zm00001eb055540	0	0	0	0.00157623	0.000886661
Zm00001eb056050	0.638590153	0.742137586	0.718459691	0.764700023	0.70531316
Zm00001eb058460	0.010830425	0.021051757	0.022155781	0.031100916	0.057009965
Zm00001eb061430	0.181462547	0.171938884	0.218119221	0.226029222	0.254122432
Zm00001eb061930	0.021660849	0.03252635	0.041568661	0.033592119	0.029778474
Zm00001eb062130	0.049657091	0.046892095	0.105764243	0.102865062	0.10319636
Zm00001eb062640	0.010830425	0.007883157	0.019276399	0.024171429	0.029795501
Zm00001eb069140	0	0.002394291	0.0048191	0.008505717	0.016696253
Zm00001eb070520	0.038826666	0.024146333	0.01700333	0.017799549	0.026415829
Zm00001eb071190	0.021660849	0.005985727	0.007365131	0.010245496	0.018695212
Zm00001eb071590	0.196788004	0.207632264	0.235106918	0.226168314	0.231847945
Zm00001eb072870	0.010830425	0.007883157	0.009638199	0.008275208	0.011748257
Zm00001eb084940	0.021660849	0.019154326	0.035476546	0.029063668	0.030740468
Zm00001eb086280	0.153466306	0.171714004	0.226544795	0.206977367	0.153242362
Zm00001eb093670	0.220289214	0.381106588	0.377687385	0.344820202	0.305421211
Zm00001eb098960	0	0.001197145	0	0	0
Zm00001eb099390	0.133451714	0.144879945	0.212722863	0.182724853	0.140332148
Zm00001eb100770	0.010830425	0.001197145	0.001606367	0.002758403	0.007222953
Zm00001eb100800	0	0	0.003212733	0.000394058	0.001108326
Zm00001eb101350	0	0.003591436	0	0.001182173	0.001994987
Zm00001eb101360	0.010830425	0.024643193	0.022958964	0.038751558	0.058026291
Zm00001eb102580	0.241950063	0.49607028	0.466922513	0.397718405	0.220317742
Zm00001eb103730	0.07131794	0.055972398	0.080667383	0.084797673	0.074668211
Zm00001eb108090	0.010830425	0.01556289	0.022292262	0.014022522	0.009439606
Zm00001eb108460	0	0	0.00240955	0.002594854	0.004433305
Zm00001eb118760	0.010830425	0.003591436	0.000803183	0.002364345	0.006244293
Zm00001eb118970	0.032491274	0.027534344	0.018609697	0.024892584	0.020468534
Zm00001eb121380	0.010830425	0.003591436	0.012987414	0.01284035	0.014537906
Zm00001eb122050	0.207618429	0.286009889	0.264176246	0.27908013	0.272002631
Zm00001eb122550	0	0.007182872	0.005622283	0.006698978	0.011877923
Zm00001eb124630	0.021660849	0.024146333	0.028581247	0.033301712	0.042522419
Zm00001eb127840	0.229279279	0.224501816	0.23657935	0.23215509	0.235992558
Zm00001eb136080	0.0731583	0.078017875	0.08006107	0.0827463	0.072785863
Zm00001eb138730	0.238269343	0.195181507	0.159123393	0.151773231	0.163728664
Zm00001eb141310	0.082148365	0.144291126	0.120417104	0.114329421	0.094011753
Zm00001eb143060	0.125470064	0.103922974	0.103804969	0.095898244	0.087474795
Zm00001eb144290	0.032491274	0.003591436	0.014123948	0.013985832	0.017511553
Zm00001eb146420	0.16245637	0.104965349	0.120691374	0.135549271	0.138002135
Zm00001eb147220	0.043321699	0.152671143	0.267721023	0.230534466	0.150072363
Zm00001eb150360	0.064982548	0.118722768	0.122099563	0.115030738	0.079657485
Zm00001eb150840	0.225352491	0.121523908	0.109188241	0.11710914	0.165802956
Zm00001eb151260	0.010830425	0.015766315	0.023898628	0.019606288	0.017273222
Zm00001eb152420	0.064982548	0.053871543	0.096124735	0.077733624	0.08623247
Zm00001eb152810	0	0	0.000803183	0.007717602	0.012580585
Zm00001eb155280	0.313268004	0.367420069	0.380320244	0.389575834	0.385127483
Zm00001eb157260	0	0.004788582	0.004015916	0.006535429	0.009439606
Zm00001eb158610	0	0.001197145	0.00240955	0.001806739	0.002881648
Zm00001eb159390	0	0.001197145	0.000803183	0.000788115	0.005357632
Zm00001eb159960	0.038826666	0.033023211	0.039825813	0.054907916	0.039607077
Zm00001eb161460	0.010830425	0.021051757	0.021352598	0.024565487	0.024588174
Zm00001eb172020	0	0	0	0	0.00044333
Zm00001eb174000	0	0.009080303	0.031127278	0.021576575	0.022020191
Zm00001eb176840	0	0.005985727	0.006425466	0.006535429	0.006022628
Zm00001eb178500	0.220289214	0.264639344	0.258947704	0.23510667	0.225775011
Zm00001eb180800	0.021660849	0.023942908	0.026974881	0.025353602	0.021263196
Zm00001eb183200	0.017165817	0.024643193	0.01700333	0.01756904	0.011342593
Zm00001eb184870	0.142635881	0.127214251	0.134890106	0.148680027	0.154371669
Zm00001eb186480	0	0	0	0.000394058	0.000664996
Zm00001eb186490	0	0	0.000803183	0.00157623	0.001773322
Zm00001eb188410	0.103809215	0.360368168	0.394207992	0.264029389	0.141348114
Zm00001eb190160	0	0.009577163	0.02423198	0.022328	0.032162459
Zm00001eb193180	0.28077673	0.400018478	0.508900951	0.452653507	0.400664739
Zm00001eb193330	0.09297879	0.238995132	0.250552423	0.238803253	0.177969932
Zm00001eb200840	0.032491274	0.068644137	0.088562735	0.08975623	0.033325118
Zm00001eb202260	0.110144607	0.114949362	0.121569341	0.119548757	0.103752329
Zm00001eb208910	0.136300489	0.183413478	0.186173058	0.156531549	0.15530033
Zm00001eb211700	0.010830425	0.008380018	0.022625613	0.034907571	0.044241408
Zm00001eb212930	0.021660849	0.013868884	0.02423198	0.040231199	0.047051696
Zm00001eb215910	0.198628364	0.144066246	0.168821982	0.172004085	0.170031677
Zm00001eb216910	0.131805456	0.17092176	0.15722967	0.152777089	0.12858353
Zm00001eb218500	0.043321699	0.157076279	0.298377495	0.307488518	0.380711398
Zm00001eb221620	0.296934132	0.244857186	0.257205121	0.252810272	0.332679118
Zm00001eb226740	0.503544147	0.538439635	0.567098228	0.555700035	0.559576957
Zm00001eb233310	0	0.013868884	0.01459378	0.026929832	0.038017754
Zm00001eb233420	0	0.021548617	0.051676692	0.055099844	0.055972638
Zm00001eb237820	0.021660849	0.016760035	0.014927131	0.026766283	0.026361496
Zm00001eb243510	0.108304247	0.111244511	0.114870913	0.098261947	0.103233666
Zm00001eb243930	0.351280358	0.329400558	0.379738913	0.329670971	0.350965396
Zm00001eb245030	0	0	0.003682565	0.001806739	0.002124653
Zm00001eb247330	0.170632123	0.203534325	0.235883859	0.20467292	0.198572466
Zm00001eb250390	0.088483758	0.122922529	0.187386992	0.217413434	0.194775573
Zm00001eb252220	0	0.013168599	0.025035163	0.024729035	0.037925755
Zm00001eb256160	0.049657091	0.067832386	0.066270473	0.066766974	0.068314891
Zm00001eb256290	0.498411271	0.543361532	0.507052693	0.565346357	0.592756602
Zm00001eb257650	0.133451714	0.183300063	0.180884126	0.16089581	0.166358979
Zm00001eb261760	0	0.002394291	0.00240955	0.00315246	0.002659983
Zm00001eb264910	0.021660849	0.008380018	0.003212733	0.001970288	0.003324978
Zm00001eb265240	0.297942547	0.337874879	0.376974883	0.365814607	0.329310642
Zm00001eb265630	0.224784246	0.280587629	0.275966736	0.255166913	0.243981588
Zm00001eb266360	0	0.001197145	0	0.00315246	0.00358431
Zm00001eb266370	0.027996242	0.052380962	0.171141115	0.227335503	0.225291726
Zm00001eb269420	0.010830425	0	0.001606367	0.001182173	0.003232979
Zm00001eb275130	0.032491274	0.038897472	0.028854209	0.03168173	0.031275798
Zm00001eb275490	0	0.010277448	0.010108032	0.009918398	0.015148569
Zm00001eb280090	0.405432481	0.472277455	0.491743335	0.428768605	0.413498574
Zm00001eb281570	0.038826666	0.04519809	0.030657446	0.035666058	0.035136106
Zm00001eb282210	0	0.013168599	0.009638199	0.010870062	0.032325818
Zm00001eb284250	0.09297879	0.088205313	0.089305529	0.068477124	0.062384263
Zm00001eb288060	0.119134672	0.103067918	0.106702599	0.109593027	0.12120955
Zm00001eb288360	0	0.005985727	0.003212733	0.00630492	0.004692636
Zm00001eb288890	0.054152123	0.044856	0.022428743	0.021643535	0.016437282
Zm00001eb289080	0.043321699	0.072235573	0.070346778	0.059399677	0.050356035
Zm00001eb289320	0.021660849	0.027240909	0.027581194	0.021018969	0.018971211
Zm00001eb291140	0	0	0.004485749	0.003382969	0.002124653
Zm00001eb292790	0	0.004788582	0.007698482	0.011264119	0.011877923
Zm00001eb293860	0.049657091	0.059066974	0.045114745	0.066343288	0.054772312
Zm00001eb294560	0	0.002394291	0.004485749	0	0.002288013
Zm00001eb295810	0	0	0	0.00157623	0.001329991
Zm00001eb296640	0	0.002394291	0.001606367	0.001182173	0.001902988
Zm00001eb301520	0.222943886	0.191590071	0.208542719	0.19806398	0.186246518
Zm00001eb307700	0.18595758	0.184000349	0.163412272	0.173045916	0.160252659
Zm00001eb309360	0.114639639	0.147679137	0.149347405	0.123348991	0.121874545
Zm00001eb312120	0	0	0.000803183	0.001182173	0
Zm00001eb315850	0	0.001197145	0	0.00315246	0.016440894
Zm00001eb315870	0.027996242	0.014365745	0.034340011	0.037963443	0.062217292
Zm00001eb316310	0.010830425	0.014365745	0.014927131	0.011264119	0.005800962
Zm00001eb317060	0.086643398	0.113640751	0.093851666	0.087295297	0.075554511
Zm00001eb319460	0.043321699	0.058863549	0.06431636	0.055435894	0.045738371
Zm00001eb320600	0.234606256	0.525322034	0.590542213	0.4891142	0.321370921
Zm00001eb320820	0	0.006686012	0.006425466	0.00788115	0.014094575
Zm00001eb323880	0.181462547	0.219509809	0.23127217	0.206162156	0.186334545
Zm00001eb328900	0.222129574	0.478044441	0.440803233	0.383853985	0.342437137
Zm00001eb330490	0	0.009080303	0.005622283	0.006141372	0.009125941
Zm00001eb330680	0.153466306	0.092700459	0.13342022	0.145987943	0.137688471
Zm00001eb330830	0.293447514	0.382059348	0.36551801	0.313799729	0.279657304
Zm00001eb335200	0.465479827	0.642497873	0.620711579	0.670765706	0.647504822
Zm00001eb335680	0	0	0.000803183	0	0.000221665
Zm00001eb335690	0.131805456	0.146341378	0.123509059	0.109429478	0.10785133
Zm00001eb337410	0	0.002394291	0.00722865	0.009293832	0.01808455
Zm00001eb337530	0	0.013168599	0.018139865	0.01921223	0.020966198
Zm00001eb339390	0.136300489	0.095885046	0.093654796	0.113236775	0.101644343
Zm00001eb340140	0.097473822	0.144787986	0.131207541	0.079280226	0.067557896
Zm00001eb340550	0.034331634	0.022718563	0.010911215	0.010476004	0.019431568
Zm00001eb340790	0.043321699	0.010774309	0.023292315	0.02551715	0.02939381
Zm00001eb342580	0	0	0.00240955	0.00472869	0.00367631
Zm00001eb349060	0	0	0	0	0.000664996
Zm00001eb349120	0	0	0	0.000394058	0.000664996
Zm00001eb353030	0.017165817	0.024146333	0.041630358	0.086544514	0.09381506
Zm00001eb353990	0.441216271	0.364303643	0.421178823	0.458729787	0.497501316
Zm00001eb355010	0.367420127	0.329248132	0.381883427	0.340189349	0.347897549
Zm00001eb358700	0	0	0.001606367	0.00157623	0.005227966
Zm00001eb359300	0	0	0.001606367	0.000394058	0.00044333
Zm00001eb361200	0.183302907	0.221428695	0.233182834	0.215982075	0.206542684
Zm00001eb364730	0.110144607	0.127417676	0.121344989	0.117058195	0.10810705
Zm00001eb365420	0.010830425	0.011474594	0.016866849	0.023152805	0.027616155
Zm00001eb366900	0.010830425	0.012671739	0.020882766	0.031361053	0.030259471
Zm00001eb370810	0.269946305	0.302545044	0.262978015	0.241538448	0.217279957
Zm00001eb370850	0.086643398	0.071241853	0.064724495	0.081741159	0.087415768
Zm00001eb372610	0	0.001197145	0.005622283	0.006698978	0.006428292
Zm00001eb376730	0.147130913	0.104671913	0.121296379	0.124314779	0.145663383
Zm00001eb376740	1.68017855	1.549585526	1.507968071	1.432369825	1.399856344
Zm00001eb379120	0.021660849	0.017957181	0.004015916	0.022171513	0.020577561
Zm00001eb379460	0	0.002394291	0.006425466	0.009881708	0.009974935
Zm00001eb381600	0.211299149	0.175416906	0.215831758	0.209267689	0.21110233
Zm00001eb389960	0.119134672	0.13938913	0.13361709	0.129036407	0.128352134
Zm00001eb392530	0.175127155	0.245260137	0.245945896	0.209685596	0.175564587
Zm00001eb395100	0.097473822	0.126193331	0.154834515	0.123340038	0.123016926
Zm00001eb398110	0	0.002394291	0.00240955	0.005353257	0.007536618
Zm00001eb398670	0	0	0	0	0.00044333
Zm00001eb402890	0	0.001197145	0	0	0.000664996
Zm00001eb403500	0.054152123	0.15626258	0.158061643	0.087622394	0.057085298
Zm00001eb403750	0.088483758	0.129811967	0.106172378	0.066336226	0.065395577
Zm00001eb403880	0.043321699	0.016263175	0.029642998	0.030536248	0.036299126
Zm00001eb410950	0	0.002394291	0.0048191	0.002364345	0.006629318
Zm00001eb411700	0.16429673	0.161585582	0.154228202	0.156389317	0.180884552
Zm00001eb412510	0	0	0	0.00157623	0.001108326
Zm00001eb415660	0.254426746	0.336878815	0.343995758	0.342310214	0.328487377
Zm00001eb420440	0.143467827	0.171356169	0.080420929	0.093067136	0.090428422
Zm00001eb428830	0.010830425	0.013168599	0.018943048	0.020327442	0.019933204
Zm00001eb428940	0.032491274	0.118812778	0.08025794	0.05448423	0.036742096
Zm00001eb429870	0.021660849	0.002394291	0.006895298	0.013628465	0.018732879
Zm00001eb431760	0.010830425	0.007182872	0.010108032	0.017405491	0.0309998
Zm00001eb000880	0	0.001197145	0.001606367	0.003382969	0.010899263
Zm00001eb002010	0	0.005985727	0.020882766	0.017799549	0.032254458
Zm00001eb005020	0.010830425	0.005488867	0.004485749	0.005516805	0.007222953
Zm00001eb006160	0	0	0	0.000394058	0.003103313
Zm00001eb006700	0.103809215	0.151360584	0.129737655	0.107488819	0.125404884
Zm00001eb009550	0	0.007883157	0.01069995	0.016357239	0.028615815
Zm00001eb010280	0.114639639	0.140993125	0.17921737	0.163058026	0.165860252
Zm00001eb010770	0	0.001197145	0	0.000394058	0.000221665
Zm00001eb011300	0.086643398	0.122832519	0.159334658	0.13390608	0.159056306
Zm00001eb011370	0.010830425	0.015766315	0.027914545	0.014810637	0.011434593
Zm00001eb011560	0	0.003591436	0.001606367	0.001182173	0.004211639
Zm00001eb012280	0.010830425	0.025140053	0.034809843	0.040164239	0.049009016
Zm00001eb012440	0.010830425	0.012671739	0.012047749	0.037175327	0.039439745
Zm00001eb015120	0	0	0	0	0.000664996
Zm00001eb015150	0.125470064	0.126513966	0.128173429	0.144856074	0.128269504
Zm00001eb015570	0	0.007883157	0.00240955	0.011955646	0.029410476
Zm00001eb019930	0.010830425	0.011474594	0.008835016	0.006698978	0.007093287
Zm00001eb020740	0.054152123	0.07720038	0.073635603	0.069860177	0.085534141
Zm00001eb020850	0.09297879	0.119037658	0.148150481	0.155229069	0.131737203
Zm00001eb023010	0.075812973	0.087595038	0.066876786	0.069428788	0.082543466
Zm00001eb023210	0	0.004788582	0.006425466	0.002758403	0.007887949
Zm00001eb023330	0	0.027737769	0.042644806	0.070254235	0.105768316
Zm00001eb023780	0.097473822	0.141986845	0.188977656	0.160830775	0.152239016
Zm00001eb025650	0	0	0	0	0.002438318
Zm00001eb027860	0	0	0.0048191	0.007717602	0.009347606
Zm00001eb029220	0.09297879	0.169634604	0.231291726	0.199103409	0.180242073
Zm00001eb032780	0.032491274	0.043504084	0.035143195	0.025747659	0.017808551
Zm00001eb034940	0.203123397	0.181971946	0.26286928	0.233696651	0.213499009
Zm00001eb037290	0	0	0.007698482	0.007093035	0.007666284
Zm00001eb038070	0.054152123	0.106643613	0.064242884	0.058715854	0.047763098
Zm00001eb039810	0.110144607	0.180381713	0.186841068	0.253894573	0.288006332
Zm00001eb041610	0	0.016760035	0.023292315	0.008669265	0.005006301
Zm00001eb042020	0.010830425	0.001197145	0.004015916	0.006996447	0.005006301
Zm00001eb048440	0.021660849	0.026337199	0.024490547	0.046045474	0.123192565
Zm00001eb050760	0.125470064	0.145081421	0.141509896	0.150747545	0.154535047
Zm00001eb051900	0.054152123	0.033289447	0.049540104	0.050707204	0.046813364
Zm00001eb053560	0.021660849	0.057169543	0.10182311	0.102767832	0.06449225
Zm00001eb053830	0.07131794	0.101170488	0.091911949	0.080128239	0.071953535
Zm00001eb055620	0.054152123	0.051680677	0.062724388	0.059837487	0.059740947
Zm00001eb055830	0.010830425	0.002394291	0.008835016	0.009918398	0.026712827
Zm00001eb056630	0	0.007182872	0.012850933	0.005516805	0.003546644
Zm00001eb058370	0	0.010277448	0.007698482	0.013301367	0.015683899
Zm00001eb058610	0.010830425	0	0.004015916	0.009063323	0.030481136
Zm00001eb060810	0.097473822	0.06125784	0.081061123	0.080395438	0.079582152
Zm00001eb062820	0.159801698	0.16990084	0.187855516	0.184019629	0.198036414
Zm00001eb063940	0.086643398	0.108263349	0.113128065	0.102943103	0.113447655
Zm00001eb064880	0.010830425	0.092000174	0.126797884	0.142480041	0.082221856
Zm00001eb065440	0	0.012174879	0.006895298	0.003546518	0.006001989
Zm00001eb066640	0.769748577	0.947104426	1.231607174	1.302746308	1.260103503
Zm00001eb068520	0.075812973	0.191752534	0.250323952	0.246078622	0.220249344
Zm00001eb069700	0.010830425	0.011971454	0.068346671	0.057830509	0.065194912
Zm00001eb071780	0.021660849	0.055272113	0.04364486	0.03513808	0.036244432
Zm00001eb074320	0	0.005985727	0.00240955	0.001970288	0.001108326
Zm00001eb074460	0.179622187	0.249485253	0.292166883	0.284558961	0.291534866
Zm00001eb074830	0	0.014365745	0.035279675	0.048967425	0.066211239
Zm00001eb074930	0.032491274	0.005985727	0.01700333	0.02896708	0.058261011
Zm00001eb075170	0.064982548	0.072642423	0.119629623	0.08924366	0.090080445
Zm00001eb075250	0	0.005985727	0.007698482	0.01921223	0.060870273
Zm00001eb075300	0	0.002394291	0.005622283	0.008899774	0.006871622
Zm00001eb075510	0	0.017460321	0.028247896	0.019933385	0.012764584
Zm00001eb080700	0	0.001197145	0.000803183	0.00157623	0.006206626
Zm00001eb082700	0	0.001197145	0	0.000788115	0.000886661
Zm00001eb086370	0	0.002394291	0.0048191	0.003777027	0.005763296
Zm00001eb093560	0.038826666	0.04659866	0.054419594	0.047227646	0.039883075
Zm00001eb095110	0.043321699	0.035417501	0.042160579	0.038618279	0.0435728
Zm00001eb095690	0.010830425	0.007182872	0.003212733	0.011264119	0.012764584
Zm00001eb098330	0	0.003591436	0.001606367	0.002988912	0.009033942
Zm00001eb099470	0.114639639	0.298226124	0.345456676	0.289055252	0.222963948
Zm00001eb099550	0.105649575	0.173926325	0.12162973	0.116820624	0.104166714
Zm00001eb101410	0.16429673	0.222269989	0.2355176	0.199060297	0.145914715
Zm00001eb101630	0.010830425	0.027037484	0.026171697	0.024498527	0.019322542
Zm00001eb101980	0.021660849	0.013168599	0.022958964	0.026535774	0.045981036
Zm00001eb103330	0	0.007883157	0.007698482	0.020557951	0.085295809
Zm00001eb104640	0	0.009577163	0.012517581	0.020617849	0.025420502
Zm00001eb105770	0	0.008380018	0.017806513	0.037502425	0.040456072
Zm00001eb106490	0.054152123	0.050280106	0.041098829	0.038618279	0.05227605
Zm00001eb106630	0.213953821	0.211515186	0.234671233	0.251488495	0.267937324
Zm00001eb107170	0.054152123	0.075623584	0.081259301	0.078529443	0.09432939
Zm00001eb108240	0	0.003591436	0.00240955	0.004565142	0.00465497
Zm00001eb109820	0.207618429	0.237868096	0.253081248	0.241178549	0.245820439
Zm00001eb110370	0.110144607	0.146572002	0.163077613	0.130999633	0.139428099
Zm00001eb113220	0.027996242	0.016760035	0.017336681	0.024892584	0.033438117
Zm00001eb117560	0.064982548	0.132002832	0.140437605	0.110648983	0.096265711
Zm00001eb118010	0.021660849	0.013168599	0.019746231	0.026862872	0.050744672
Zm00001eb118900	0.170632123	0.260124691	0.320127422	0.361926226	0.354953275
Zm00001eb120590	0.010830425	0.001197145	0	0.001182173	0.003897975
Zm00001eb121610	0	0.001197145	0.001606367	0	0.001329991
Zm00001eb122740	0.140795521	0.206656101	0.21910488	0.209239952	0.202201379
Zm00001eb123060	0	0.002394291	0.000803183	0.00315246	0.022538854
Zm00001eb127850	0.181462547	0.119737943	0.17391019	0.140471138	0.149107119
Zm00001eb128000	0.097473822	0.090488138	0.076181634	0.078126432	0.076537866
Zm00001eb128310	0	0	0.001606367	0.005122748	0.005006301
Zm00001eb129490	0	0.001197145	0.00240955	0.003864662	0.010418266
Zm00001eb129520	0.032491274	0.068035811	0.069089465	0.086938571	0.116847263
Zm00001eb130510	0.038826666	0.021051757	0.033066996	0.035733018	0.048210743
Zm00001eb130740	0	0.004788582	0.005622283	0.008111659	0.010769597
Zm00001eb131420	0	0	0.000803183	0.000394058	0.002346318
Zm00001eb134520	0.043321699	0.075422109	0.13736266	0.138679807	0.134698879
Zm00001eb135200	0	0	0.000803183	0.000788115	0.001551657
Zm00001eb135910	0	0.004788582	0.001606367	0.002988912	0.006871622
Zm00001eb136130	0.274441337	0.380952213	0.526457647	0.533754501	0.46479329
Zm00001eb136350	0.075812973	0.068847562	0.088032513	0.092120575	0.087123103
Zm00001eb136460	0.032491274	0.07831326	0.101278494	0.094001978	0.107746998
Zm00001eb136720	0.082148365	0.168122568	0.369955217	0.399058607	0.304770211
Zm00001eb138040	0.021660849	0.018657466	0.021019247	0.02236469	0.020246869
Zm00001eb139970	0	0.029909129	0.006561947	0.00321942	0.004065307
Zm00001eb143080	0.07131794	0.109034139	0.110794607	0.108989136	0.095621715
Zm00001eb143430	0.136300489	0.115446222	0.138982114	0.138821527	0.148019071
Zm00001eb143520	0.07131794	0.121138513	0.215057629	0.250201935	0.279972466
Zm00001eb144450	0	0.018160606	0.019549361	0.026074757	0.038553084
Zm00001eb145340	0	0.001197145	0.00240955	0.002988912	0.007038955
Zm00001eb146650	0	0.018160606	0.017670032	0.01756904	0.01387291
Zm00001eb149570	0	0.002394291	0	0.002288432	0.000886661
Zm00001eb149820	0.09297879	0.151473998	0.159441042	0.150584638	0.176513599
Zm00001eb150010	0.108304247	0.123329379	0.114204211	0.12545962	0.115203588
Zm00001eb150140	0	0.009577163	0.006425466	0.00788115	0.01289425
Zm00001eb153330	0.049657091	0.056175823	0.071832366	0.055108797	0.058871674
Zm00001eb153470	0	0.004788582	0.0048191	0.014647089	0.015018903
Zm00001eb155410	0.010830425	0.022949187	0.032400294	0.034944903	0.041807063
Zm00001eb157620	0.054152123	0.143248751	0.151955133	0.155476235	0.10892199
Zm00001eb160100	0.049657091	0.065549561	0.060981541	0.077607407	0.068093226
Zm00001eb163680	0	0.001197145	0.000803183	0.00157623	0.008331279
Zm00001eb169140	0.489227104	0.61335719	0.588644154	0.670049921	0.729997151
Zm00001eb169920	0.147130913	0.151564008	0.159061696	0.13909643	0.141402808
Zm00001eb171050	0.017165817	0.033430061	0.030324095	0.04351758	0.061033994
Zm00001eb174220	0	0.001197145	0	0.000394058	0.001329991
Zm00001eb175150	0	0.013168599	0.011714398	0.011033611	0.005541631
Zm00001eb175500	0	0.004291721	0.001606367	0.000394058	0.00411964
Zm00001eb176680	0.110144607	0.106162494	0.133739177	0.125824049	0.120615914
Zm00001eb178550	0.010830425	0.006686012	0.006425466	0.003940575	0.006373959
Zm00001eb179000	0.315922676	0.290935581	0.31576376	0.333637871	0.332746486
Zm00001eb179590	0	0.04619181	0.043978211	0.03993373	0.031827794
Zm00001eb181970	0.075812973	0.083620157	0.090365971	0.094188093	0.084057457
Zm00001eb182260	0.200274622	0.271417315	0.224818957	0.205871107	0.196498173
Zm00001eb185920	0	0.005985727	0.006425466	0.006141372	0.012191588
Zm00001eb186200	0	0.001197145	0.008501665	0.016847885	0.028097152
Zm00001eb187120	0.021660849	0.099973342	0.132997691	0.136063124	0.117867202
Zm00001eb187260	0.07131794	0.114045652	0.100337522	0.106544859	0.086914132
Zm00001eb188380	0.010830425	0.005985727	0.006092115	0.009063323	0.025529168
Zm00001eb188460	0	0.029431775	0.049736975	0.079674283	0.051652333
Zm00001eb189080	0.021660849	0.035914362	0.04143218	0.035108451	0.03402778
Zm00001eb189900	0	0.024643193	0.042371844	0.051302142	0.067135566
Zm00001eb191020	0.204963757	0.202659764	0.217452519	0.26105521	0.303300819
Zm00001eb192430	0.010830425	0.039505798	0.033733698	0.047881841	0.033103453
Zm00001eb195920	0	0.002394291	0.009304848	0.003777027	0.012764584
Zm00001eb199430	0.120975032	0.170538314	0.159395047	0.140605058	0.147500046
Zm00001eb201290	0.021660849	0.007883157	0.006895298	0.007323544	0.047273722
Zm00001eb202140	0	0.002394291	0.00722865	0.009457381	0.022852519
Zm00001eb202410	0.043321699	0.092090185	0.080122767	0.077540447	0.057085298
Zm00001eb204490	0.010830425	0.020351472	0.037886096	0.039770181	0.050544006
Zm00001eb206080	0.032491274	0.049489811	0.050540158	0.050179226	0.036812392
Zm00001eb209070	0	0.007883157	0.014123948	0.016386867	0.027821153
Zm00001eb212120	0.017165817	0.01696346	0.009304848	0.018818173	0.028561482
Zm00001eb214190	0	0.023446048	0.02182243	0.032446637	0.048586686
Zm00001eb215440	0.010830425	0.011971454	0.022155781	0.014253031	0.012802251
Zm00001eb215560	0.054152123	0.1243231	0.102611899	0.107035505	0.115295588
Zm00001eb215740	0	0.002394291	0.001606367	0.006929487	0.009033942
Zm00001eb216950	0	0.033023211	0.02182243	0.023479903	0.012764584
Zm00001eb218120	0.043321699	0.055678963	0.082470619	0.061451049	0.03447111
Zm00001eb218710	0.147130913	0.167533748	0.159258566	0.152293505	0.155112719
Zm00001eb219100	0	0.013372024	0.0048191	0.002758403	0.001773322
Zm00001eb220250	0	0.003591436	0.003212733	0.009063323	0.031681462
Zm00001eb223300	0	0.001197145	0.00722865	0.01290731	0.021928192
Zm00001eb224800	0	0	0.001606367	0.00157623	0.003546644
Zm00001eb225570	0.049657091	0.040702943	0.042038493	0.04509381	0.083631153
Zm00001eb227830	0.021660849	0.005985727	0.005622283	0.009687889	0.025031505
Zm00001eb229400	0.179622187	0.174423185	0.215103359	0.242928694	0.23723055
Zm00001eb232000	0	0.001197145	0.00240955	0.002200796	0.001329991
Zm00001eb233790	0	0.001197145	0.008835016	0.005122748	0.012986249
Zm00001eb234120	0.083988725	0.11780345	0.069225946	0.077827714	0.076407858
Zm00001eb234690	0.099314182	0.083710167	0.077257779	0.073927611	0.089085118
Zm00001eb235640	0.021660849	0.003591436	0.0048191	0.007093035	0.004876635
Zm00001eb238570	0.010830425	0.029138339	0.028717728	0.045978513	0.045667371
Zm00001eb241300	0.021660849	0.051680677	0.054419594	0.047131058	0.047700025
Zm00001eb243730	0	0.003591436	0.046130501	0.040261469	0.029004812
Zm00001eb246430	0.038826666	0.039212363	0.040628997	0.036617721	0.045445706
Zm00001eb246520	0	0.010977733	0.037552744	0.037071677	0.035930768
Zm00001eb248560	0.010830425	0.005985727	0.00240955	0.005747314	0.010899263
Zm00001eb248680	0	0.008380018	0.008501665	0.004334633	0.004433305
Zm00001eb248800	0	0	0.001606367	0.005353257	0.010677598
Zm00001eb248900	0	0.003591436	0.006895298	0.008899774	0.021225529
Zm00001eb249290	0.021660849	0.013372024	0.008501665	0.012186155	0.026842493
Zm00001eb249440	0	0.009577163	0.011714398	0.008572677	0.036319765
Zm00001eb249470	0.010830425	0.020351472	0.019746231	0.014253031	0.018030217
Zm00001eb250560	0	0.002394291	0.001606367	0.00157623	0.001108326
Zm00001eb250580	0.285271762	0.309434481	0.291622267	0.314464126	0.323672025
Zm00001eb251200	0.250940128	0.257751856	0.289165414	0.390184897	0.35194003
Zm00001eb252100	0	0.010774309	0.015533444	0.025249951	0.061610602
Zm00001eb253280	0.066822908	0.022248902	0.050479769	0.077260406	0.071787285
Zm00001eb253350	0	0.005985727	0.00240955	0.005516805	0.00975327
Zm00001eb254860	0.103809215	0.12572367	0.138102839	0.128314611	0.125387856
Zm00001eb255860	0	0.021865457	0.004015916	0.005420217	0.006060294
Zm00001eb255970	0.021660849	0.036818072	0.051268557	0.051919004	0.057804626
Zm00001eb257810	0.043321699	0.079915306	0.083137322	0.090774854	0.079046822
Zm00001eb258290	0.038826666	0.052177537	0.056162441	0.067845496	0.111309947
Zm00001eb264930	0.426899229	0.481673043	0.520792663	0.455594721	0.359125897
Zm00001eb265410	0.129965096	0.145578282	0.158394994	0.151302619	0.140887756
Zm00001eb266750	0.010830425	0.060060694	0.116340799	0.128351943	0.124522556
Zm00001eb268180	0	0.021051757	0.026171697	0.020557951	0.019360208
Zm00001eb268690	0	0	0.004015916	0.000788115	0.002659983
Zm00001eb273020	0.660053329	0.697679651	0.706247979	0.718707784	0.710921544
Zm00001eb273540	0.021660849	0.034920641	0.058375121	0.057963788	0.055546335
Zm00001eb273570	0.027996242	0.037811792	0.02664153	0.031889031	0.03186546
Zm00001eb274210	0.129965096	0.161841457	0.154405516	0.153766084	0.163887329
Zm00001eb279090	0	0.004788582	0.0048191	0.00321942	0.007001288
Zm00001eb281290	0.075812973	0.1209979	0.13126793	0.111860784	0.116198915
Zm00001eb285760	0.374587465	0.454255909	0.513750078	0.543705873	0.474538656
Zm00001eb286420	0	0	0	0.006535429	0.008682611
Zm00001eb286490	0.021660849	0.011971454	0.013457246	0.017866509	0.026491162
Zm00001eb288080	0	0.001197145	0.008031833	0.003546518	0.004341305
Zm00001eb288730	0.032491274	0.072235573	0.087699162	0.098923846	0.141611418
Zm00001eb288970	0.038826666	0.064645851	0.171613493	0.205515024	0.120838662
Zm00001eb289490	0.147130913	0.107653075	0.097459448	0.103019016	0.10243142
Zm00001eb291730	0.064982548	0.024643193	0.047660776	0.060365465	0.09181574
Zm00001eb292980	0.032491274	0.028234629	0.044584524	0.04623865	0.071326205
Zm00001eb293010	0	0.009080303	0.0048191	0.008342168	0.004784636
Zm00001eb293740	0	0.01506603	0.020549414	0.029227217	0.041472398
Zm00001eb294180	0	0.009577163	0.016200147	0.021588297	0.042710751
Zm00001eb294830	0	0.002394291	0.004152397	0.001182173	0.003989974
Zm00001eb298580	0	0	0.001606367	0.00157623	0.005671297
Zm00001eb301170	0.054152123	0.126513966	0.15243936	0.174228089	0.196225787
Zm00001eb303620	0.09297879	0.039709223	0.069953038	0.082454003	0.122329867
Zm00001eb309590	0.010830425	0.021051757	0.022292262	0.017963097	0.027280787
Zm00001eb310270	0	0.020058036	0.013790597	0.019800106	0.025236504
Zm00001eb312870	0.010830425	0.011474594	0.020549414	0.018126646	0.018916878
Zm00001eb314630	0.055992483	0.057869829	0.064391144	0.066997483	0.057264963
Zm00001eb316580	0.086643398	0.158138555	0.172398163	0.10798781	0.109038962
Zm00001eb316730	0.010830425	0.034920641	0.041098829	0.052186845	0.058967285
Zm00001eb317460	0.077653333	0.099566492	0.081470566	0.084039186	0.080234815
Zm00001eb317890	0	0.005985727	0.018276345	0.013792013	0.010769597
Zm00001eb319390	0	0.001197145	0.003212733	0.003546518	0.00823928
Zm00001eb319530	0	0.002394291	0.00240955	0.002364345	0.002881648
Zm00001eb320470	0	0.036614647	0.061254503	0.059279881	0.062534929
Zm00001eb320950	0.021660849	0.047388955	0.063649658	0.058885823	0.055512641
Zm00001eb321620	0.064982548	0.06265841	0.072089626	0.079540363	0.097449731
Zm00001eb322390	0.010830425	0.051884102	0.106097594	0.12515573	0.132966474
Zm00001eb325750	0.043321699	0.036321212	0.013654116	0.014253031	0.021652193
Zm00001eb326020	0.110144607	0.201259193	0.262997836	0.261865283	0.175217228
Zm00001eb328650	0.021660849	0.025343478	0.029854263	0.03047635	0.033454784
Zm00001eb330910	0	0.011971454	0.016533498	0.019048681	0.020652533
Zm00001eb332030	0	0.004788582	0.012047749	0.01284035	0.019100876
Zm00001eb332400	0.010830425	0.010774309	0.013654116	0.03369577	0.090189111
Zm00001eb333470	0.142635881	0.151970858	0.168306155	0.145297058	0.139131461
Zm00001eb336500	0	0.002394291	0.001606367	0.002200796	0.00770395
Zm00001eb338940	0	0.011971454	0.014123948	0.011427668	0.009606938
Zm00001eb339360	0.060487516	0.067446992	0.047190944	0.059570288	0.0618866
Zm00001eb348560	0	0.004788582	0	0.002364345	0.00411964
Zm00001eb349010	0.611408224	0.665280699	0.70852262	0.647944157	0.600654921
Zm00001eb349450	0.010830425	0.022949187	0.033870179	0.028669611	0.039419106
Zm00001eb352580	0.060487516	0.044000944	0.033733698	0.06272981	0.069536217
Zm00001eb354510	0	0	0.004015916	0.002594854	0.007482285
Zm00001eb354920	0.010830425	0.019623987	0.016866849	0.019836797	0.032012154
Zm00001eb355240	0.181462547	0.145670241	0.13861612	0.164056616	0.159576828
Zm00001eb355710	0.010830425	0.041606653	0.052949708	0.063086535	0.056328303
Zm00001eb357780	0	0.009577163	0.022292262	0.029390765	0.04287375
Zm00001eb363940	0.038826666	0.104447033	0.103353385	0.102998341	0.100201352
Zm00001eb364360	0.010830425	0.048292665	0.058887094	0.045547765	0.046424366
Zm00001eb366540	0	0.002394291	0.001606367	0.004171084	0.005357632
Zm00001eb368970	0.010830425	0.012875164	0.014927131	0.024334978	0.022425855
Zm00001eb370010	0	0	0	0	0.000221665
Zm00001eb370720	0	0.003591436	0.009638199	0.009063323	0.019803539
Zm00001eb371070	0	0.004291721	0.001606367	0.005026159	0.006022628
Zm00001eb374110	0.398902987	0.399893472	0.44040019	0.417684153	0.419536388
Zm00001eb374760	0.064982548	0.144563106	0.214953791	0.191648346	0.181679575
Zm00001eb374830	0.032491274	0.073139283	0.073213074	0.053369018	0.025750833
Zm00001eb377480	0	0.01556289	0.051343341	0.053139151	0.082246829
Zm00001eb377500	0	0.003591436	0.005288932	0.007093035	0.011526592
Zm00001eb379300	0.153466306	0.145873666	0.173172557	0.16565477	0.170562619
Zm00001eb379340	0.010830425	0.03202949	0.029384431	0.02387396	0.031070799
Zm00001eb384320	0	0.004788582	0.005622283	0.012370379	0.016127229
Zm00001eb384950	0.097473822	0.10925707	0.105899416	0.113978605	0.11348496
Zm00001eb385610	0	0	0	0.001970288	0.003011314
Zm00001eb385620	0.119134672	0.04709552	0.060178358	0.068083067	0.110586285
Zm00001eb387370	0.010830425	0.039709223	0.053283059	0.0736295	0.077122132
Zm00001eb388050	0.114639639	0.100877052	0.096638016	0.099779562	0.114436882
Zm00001eb389540	0.341264245	0.305260365	0.323328376	0.308437581	0.297458778
Zm00001eb389660	0.054152123	0.064148991	0.059375174	0.05441727	0.075580206
Zm00001eb390330	0.138140849	0.199160287	0.219740248	0.23643843	0.241396051
Zm00001eb391130	0.097473822	0.113255356	0.1053548	0.12237412	0.138579465
Zm00001eb391190	0.010830425	0.007182872	0.010108032	0.010081947	0.015202902
Zm00001eb391280	0	0.033023211	0.043447989	0.085102204	0.219196722
Zm00001eb393690	0	0.010277448	0.011714398	0.008275208	0.003546644
Zm00001eb395580	0	0.001197145	0.000803183	0.00157623	0.002567983
Zm00001eb397240	0.336769213	0.36983766	0.407347853	0.490805062	0.524677057
Zm00001eb397720	0.049657091	0.061958125	0.060981541	0.054774637	0.07001288
Zm00001eb399180	0	0.008380018	0.019746231	0.018126646	0.030702801
Zm00001eb399390	0.010830425	0.029817169	0.034279622	0.031264465	0.019581873
Zm00001eb402220	0.010830425	0.008380018	0.008835016	0.008736226	0.018214215
Zm00001eb406660	0	0.021548617	0.019276399	0.021546947	0.012986249
Zm00001eb407990	0.060487516	0.087301603	0.087956422	0.086594817	0.102050007
Zm00001eb408080	0.082148365	0.200466949	0.219574713	0.232771953	0.190257492
Zm00001eb408520	0.010830425	0.005985727	0.01218423	0.011821726	0.010418266
Zm00001eb409800	0.086643398	0.135797693	0.126524922	0.149324627	0.128445558
Zm00001eb413930	0.010830425	0.016263175	0.016792065	0.021242416	0.028896147
Zm00001eb415520	0.280578813	0.482759926	0.512318103	0.403362107	0.37144249
Zm00001eb415730	0.055992483	0.085202697	0.081607047	0.065154695	0.058695621
Zm00001eb416370	0.09297879	0.073929579	0.068543542	0.087391885	0.088842092
Zm00001eb417620	0	0	0.001606367	0.00157623	0.003989974
Zm00001eb427600	0.010830425	0.005985727	0.017336681	0.013003898	0.012672585
Zm00001eb427970	0	0.01506603	0.022625613	0.015829261	0.007001288
Zm00001eb430640	0.032491274	0.067446992	0.039765424	0.042328345	0.046796698
Zm00001eb430800	0.054152123	0.097985901	0.091518208	0.085288319	0.074872849
Zm00001eb431080	0	0	0.000803183	0.001182173	0.001773322
Zm00001eb432100	0	0.01456917	0.039159111	0.043614168	0.045537706
Zm00001eb432450	0.043321699	0.033023211	0.044311562	0.043970894	0.043024055
Zm00001eb433840	0	0.002394291	0.001606367	0.00157623	0.003989974
Zm00001eb434360	0.183108805	0.348369515	0.50126514	0.505515169	0.282824846
Zm00001eb001630	0.032491274	0.103768203	0.211496885	0.339819652	0.170572062
Zm00001eb002660	0.269946305	0.286890195	0.315591825	0.344287564	0.396904758
Zm00001eb006180	0	0	0.001606367	0.005747314	0.014537906
Zm00001eb009140	0.082148365	0.091299889	0.111582088	0.104076222	0.098407391
Zm00001eb009170	0.021660849	0.073636144	0.060511709	0.066700013	0.067817228
Zm00001eb015440	0.16245637	0.232342063	0.284416202	0.369070173	0.4399697
Zm00001eb015750	0.125470064	0.166540028	0.167972804	0.14992916	0.143234435
Zm00001eb017630	0	0.031329205	0.036279729	0.036387212	0.048603352
Zm00001eb018020	0.103809215	0.117140227	0.111188348	0.12548989	0.125274857
Zm00001eb023620	0	0.004788582	0.012850933	0.022758748	0.022722853
Zm00001eb024330	0.213953821	0.255273694	0.320400384	0.300561725	0.32030949
Zm00001eb028430	0.021660849	0.052380962	0.074227522	0.064930606	0.083668459
Zm00001eb028820	0.131805456	0.296966167	0.503959765	0.53183821	0.372670218
Zm00001eb031210	0.086643398	0.086217872	0.090108712	0.114515536	0.160918015
Zm00001eb031700	0.418477408	0.403609914	0.6214961	0.686545393	0.639133366
Zm00001eb033570	0.082148365	0.101870773	0.106369248	0.110619355	0.120033909
Zm00001eb033910	0.220289214	0.164824567	0.172050417	0.190197691	0.220095715
Zm00001eb036040	0.010830425	0.028731489	0.038022577	0.031554871	0.031091799
Zm00001eb037440	0.010830425	0.024643193	0.014927131	0.020163894	0.022944518
Zm00001eb037480	0.082148365	0.130400786	0.180007466	0.190615598	0.187492816
Zm00001eb037530	0	0.001197145	0	0.000394058	0.001773322
Zm00001eb041070	0	0.002394291	0.000803183	0.000788115	0.001329991
Zm00001eb041890	0	0.109957355	0.141648923	0.120202952	0.092242404
Zm00001eb045640	0.09297879	0.087301603	0.100610484	0.115378315	0.149921698
Zm00001eb045780	0.032491274	0.059767259	0.074908619	0.084009558	0.096730402
Zm00001eb051310	0	0.005985727	0.032930515	0.041019314	0.017678886
Zm00001eb051480	0	0.008380018	0.011244566	0.022491548	0.008644944
Zm00001eb054670	0.064982548	0.131709397	0.131934632	0.119481797	0.114651953
Zm00001eb054810	0	0.001197145	0	0.00157623	0.001329991
Zm00001eb060980	0	0.003591436	0.000803183	0.002364345	0.007979948
Zm00001eb061300	0.204963757	0.210024606	0.239398343	0.251508433	0.289728572
Zm00001eb063390	0.274441337	0.292379062	0.321795486	0.302603785	0.297111273
Zm00001eb063930	0	0.001197145	0.003212733	0.00315246	0.002346318
Zm00001eb064860	0.212113462	0.217025508	0.261964874	0.251374383	0.250061746
Zm00001eb067740	0.010830425	0.011971454	0.070211605	0.098229951	0.066869733
Zm00001eb068530	0.021660849	0.039008938	0.06382828	0.064930606	0.072007868
Zm00001eb073550	0	0.018567456	0.012654062	0.013234407	0.013412913
Zm00001eb078490	0.010830425	0.01556289	0.034536882	0.066439876	0.173335602
Zm00001eb080570	1.273467687	1.403587671	1.432020653	1.395334178	1.386516363
Zm00001eb081720	0.021660849	0.028234629	0.029384431	0.031658522	0.029703141
Zm00001eb101420	0	0.028234629	0.035279675	0.027093381	0.027783487
Zm00001eb101880	0.010830425	0.009080303	0.027444713	0.024037509	0.037720756
Zm00001eb102540	0.043321699	0.073229294	0.072029237	0.060662934	0.083522127
Zm00001eb102780	0.082148365	0.1243231	0.1266457	0.107035505	0.113505599
Zm00001eb104260	0	0.008380018	0.015730315	0.021740124	0.037315092
Zm00001eb105640	0.010830425	0.072235573	0.064997457	0.049458071	0.027469822
Zm00001eb107910	0.010830425	0.055882388	0.037689225	0.049190872	0.055512641
Zm00001eb122500	0	0.005985727	0.006092115	0.017174982	0.024901839
Zm00001eb124790	0.032491274	0.01506603	0.025838346	0.024892584	0.035780463
Zm00001eb128760	0	0.027422878	0.010108032	0.002364345	0.001994987
Zm00001eb129860	0.060487516	0.12006699	0.100883446	0.104107133	0.106609365
Zm00001eb136980	0.027996242	0.084320442	0.10664221	0.10496927	0.132741558
Zm00001eb142960	0.114639639	0.106365919	0.133283739	0.130449089	0.146948411
Zm00001eb145580	0	0.036880883	0.034536882	0.033041575	0.055052644
Zm00001eb146230	0.010830425	0.016760035	0.017336681	0.019048681	0.02222519
Zm00001eb146690	0.060487516	0.102956453	0.127934418	0.127370651	0.144769425
Zm00001eb147710	0.055992483	0.055972398	0.087699162	0.120336872	0.186008186
Zm00001eb149360	0	0.002394291	0.003212733	0.000788115	0.008147281
Zm00001eb153520	0.032491274	0.059066974	0.065467289	0.079049717	0.06959055
Zm00001eb154070	0	0.012671739	0.004015916	0.004334633	0.008147281
Zm00001eb157080	0.064982548	0.07632387	0.074969008	0.085421598	0.098800361
Zm00001eb164360	0	0.002394291	0	0.000394058	0.004211639
Zm00001eb165340	0.010830425	0.01456917	0.013654116	0.01759931	0.018343881
Zm00001eb168040	0	0.001197145	0.003212733	0.000394058	0.002881648
Zm00001eb168720	0.110144607	0.186375133	0.194690425	0.240177223	0.289557989
Zm00001eb168870	0.103809215	0.279504292	0.412350471	0.484051926	0.468157757
Zm00001eb170920	0	0.002394291	0.025368514	0.017732588	0.017289888
Zm00001eb171140	0.127310424	0.152264294	0.176733036	0.158754912	0.177174188
Zm00001eb172290	0.250940128	0.38598937	0.553186223	0.528353959	0.618855221
Zm00001eb184110	0.043321699	0.050483531	0.072559458	0.06946612	0.068591251
Zm00001eb185160	0	0	0.000803183	0.001018624	0.00044333
Zm00001eb185560	0.010830425	0.011971454	0.044311562	0.068016106	0.149608394
Zm00001eb187450	0	0.004788582	0.00977468	0.009851438	0.011969923
Zm00001eb189510	0.09297879	0.057869829	0.131404411	0.128717014	0.120473915
Zm00001eb192920	0.082148365	0.092993895	0.125388387	0.104373691	0.122531596
Zm00001eb193550	0	0.003591436	0.00240955	0.009093593	0.010807263
Zm00001eb193670	0	0.003591436	0.007365131	0.00630492	0.007093287
Zm00001eb193920	0.010830425	0.113955641	0.10664221	0.089302916	0.096856095
Zm00001eb195490	0	0.011971454	0.005622283	0.006698978	0.006871622
Zm00001eb195850	0	0	0	0.002364345	0.004784636
Zm00001eb197370	0	0	0.00240955	0.001182173	0.007925615
Zm00001eb198030	0.021660849	0.01556289	0.018882658	0.013234407	0.047212165
Zm00001eb206360	0.010830425	0.047885816	0.054889426	0.05756973	0.053166323
Zm00001eb209880	0.179622187	0.153056538	0.229106528	0.24965717	0.295016703
Zm00001eb213430	0.032491274	0.117140227	0.163547445	0.230728926	0.245294552
Zm00001eb216410	0	0.010277448	0.014927131	0.025026505	0.065466937
Zm00001eb216610	0.09297879	0.104468488	0.150756901	0.1350445	0.175129563
Zm00001eb217350	0.021660849	0.017957181	0.043175027	0.040327788	0.041823729
Zm00001eb222650	0.038826666	0.132002832	0.122902746	0.118433545	0.108536965
Zm00001eb224680	0.392567595	0.477309263	0.623887862	0.608999897	0.670151945
Zm00001eb234870	0.032491274	0.068937572	0.055692609	0.047391195	0.054642646
Zm00001eb235510	0.021660849	0.041109793	0.041098829	0.084634124	0.126822902
Zm00001eb240740	0.021660849	0.026337199	0.029384431	0.034974531	0.029427143
Zm00001eb246440	0.097473822	0.061958125	0.07524197	0.078165014	0.103120666
Zm00001eb248270	0.010830425	0.041900089	0.085683353	0.128613363	0.18122319
Zm00001eb249450	0	0.002394291	0.0048191	0.003940575	0.015939258
Zm00001eb249840	0.064982548	0.09238362	0.090365971	0.101675186	0.102828002
Zm00001eb250540	0	0	0.0048191	0.009130283	0.018582574
Zm00001eb250760	0	0.022745762	0.037552744	0.04617169	0.038413346
Zm00001eb251530	0	0.003591436	0.016533498	0.017405491	0.014186575
Zm00001eb255520	0.010830425	0.040409508	0.052010044	0.033494889	0.030313804
Zm00001eb256070	0	0.001197145	0.00240955	0.008505717	0.014483573
Zm00001eb256690	0.049657091	0.07980384	0.090305582	0.083287761	0.085830778
Zm00001eb258400	0	0.001197145	0	0.004334633	0.0050983
Zm00001eb270270	0	0	0.003212733	0.003940575	0.017641219
Zm00001eb273840	0.054152123	0.139277664	0.205525548	0.205410731	0.197920164
Zm00001eb278680	0	0.014365745	0.049130662	0.065190744	0.034784775
Zm00001eb283990	0.010830425	0.041403228	0.043978211	0.068276243	0.064525943
Zm00001eb284010	0.010830425	0.018657466	0.037552744	0.056261341	0.031736156
Zm00001eb288420	0.392761696	0.416937079	0.431565173	0.414899166	0.386138603
Zm00001eb289480	0.054152123	0.07862815	0.097595929	0.109273633	0.123111835
Zm00001eb292690	0.021660849	0.06076098	0.149940631	0.332782352	0.203724831
Zm00001eb296340	0.043321699	0.048089241	0.081197604	0.059971407	0.064437917
Zm00001eb300360	0.129965096	0.221063201	0.260628854	0.168509761	0.199339987
Zm00001eb307550	0	0	0	0.001970288	0.005227966
Zm00001eb310260	0	0.025840338	0.034673362	0.037405836	0.046587726
Zm00001eb313510	0	0.001197145	0.00240955	0.001182173	0.001773322
Zm00001eb316660	0.064982548	0.051387241	0.072362588	0.065711018	0.073325526
Zm00001eb317770	0	0.001197145	0.000803183	0.000788115	0.00044333
Zm00001eb318060	0	0.002394291	0	0.001182173	0.000664996
Zm00001eb319090	0.175127155	0.254434349	0.379673097	0.43125092	0.43080056
Zm00001eb319350	0.097473822	0.148447977	0.12846464	0.129170328	0.113982624
Zm00001eb324600	0.010830425	0.022248902	0.018139865	0.028833159	0.034119779
Zm00001eb327140	0	0.001197145	0.003212733	0.000788115	0.005671297
Zm00001eb333350	0	0.008380018	0.00722865	0.00788115	0.007979948
Zm00001eb333460	0.181462547	0.186711479	0.25447635	0.200311191	0.226472564
Zm00001eb335060	0	0.001197145	0	0	0.000886661
Zm00001eb336820	0.021660849	0.102074198	0.105839026	0.103876624	0.093822357
Zm00001eb344160	0.010830425	0.016263175	0.02182243	0.018550973	0.016971187
Zm00001eb344600	0.010830425	0.023446048	0.017336681	0.021807084	0.0206902
Zm00001eb346880	0	0.001197145	0.004015916	0.00157623	0.005449631
Zm00001eb348760	0.043321699	0.068847562	0.079864199	0.079778576	0.079067822
Zm00001eb349820	0.274441337	0.322196231	0.377746467	0.347310764	0.353473786
Zm00001eb350280	0	0.03013206	0.015396963	0.018260566	0.03044347
Zm00001eb353230	0	0.019357751	0.015396963	0.017963097	0.029962473
Zm00001eb353470	0.021660849	0.005985727	0.00977468	0.015762301	0.02632383
Zm00001eb356930	0.021660849	0.010774309	0.030187614	0.050015677	0.026102164
Zm00001eb359740	0	0.001197145	0	0.002364345	0.003103313
Zm00001eb360120	0.054152123	0.076912689	0.072362588	0.078559071	0.10354733
Zm00001eb360750	0.038826666	0.043797519	0.073635603	0.104411023	0.137232807
Zm00001eb364110	0.032491274	0.079418446	0.115477226	0.096983186	0.100369045
Zm00001eb364850	0.088483758	0.247247578	0.407481788	0.366690488	0.424760091
Zm00001eb365340	0.032491274	0.06125784	0.070483259	0.059279881	0.054107317
Zm00001eb368640	0	0.003591436	0.001273015	0.001018624	0.000886661
Zm00001eb368850	0.017165817	0.013868884	0.008031833	0.010476004	0.020430868
Zm00001eb370600	0	0.012671739	0.011503133	0.014186071	0.023977512
Zm00001eb370960	0.043321699	0.074629864	0.060178358	0.047294606	0.040899402
Zm00001eb371980	0	0.002394291	0.013654116	0.026632363	0.016570559
Zm00001eb372360	0	0.010774309	0.010441383	0.008803186	0.010769597
Zm00001eb372490	0	0.011971454	0.032066942	0.076655744	0.120193584
Zm00001eb373970	0.043321699	0.041606653	0.053283059	0.060923071	0.066575263
Zm00001eb375580	0	0.004788582	0.001606367	0.00630492	0.013207915
Zm00001eb379950	0	0.004788582	0.012850933	0.022691788	0.040180073
Zm00001eb383050	0.021660849	0.015766315	0.05582909	0.052119885	0.049122016
Zm00001eb384240	0.054152123	0.083620157	0.155971049	0.22970966	0.228326635
Zm00001eb384760	0.103809215	0.191703485	0.279330345	0.305807832	0.329019909
Zm00001eb387280	0.119134672	0.148561392	0.266705267	0.360268174	0.247951718
Zm00001eb390910	0.054152123	0.090893039	0.088214989	0.09162993	0.081410168
Zm00001eb393300	0.032491274	0.089109023	0.099200988	0.099869089	0.107466305
Zm00001eb395560	0.16245637	0.194684647	0.168898074	0.212873367	0.228982261
Zm00001eb395640	0.043321699	0.083506742	0.092034035	0.074878633	0.074170187
Zm00001eb398190	0	0.019154326	0.037219393	0.021346066	0.018787212
Zm00001eb399830	0.010830425	0.054278392	0.059375174	0.069785513	0.071581564
Zm00001eb406520	0.038826666	0.073636144	0.071422924	0.07721335	0.069347885
Zm00001eb408000	0.060487516	0.060964405	0.037219393	0.038030403	0.053998651
Zm00001eb413920	0.010830425	0.019854611	0.016200147	0.023152805	0.042765084
Zm00001eb417490	0	0.001197145	0	0.002364345	0.003768309
Zm00001eb421100	0.010830425	0.033226636	0.044114692	0.024268018	0.023442182
Zm00001eb423100	0	0	0.000803183	0.002037248	0.0050983
Zm00001eb424290	1.056745385	1.160731017	1.160549069	1.085103786	1.013256792
Zm00001eb424710	0.010830425	0.025343478	0.033733698	0.043777717	0.039034081
Zm00001eb429330	0.032491274	0.031014315	0.01941288	0.019375779	0.022241856
Zm00001eb429830	0	0.005985727	0.010441383	0.010208805	0.009661271
Zm00001eb432140	0	0.001197145	0.00240955	0.010379416	0.007666284
Zm00001eb432460	0.010830425	0.009577163	0.015396963	0.014319991	0.018971211
Zm00001eb433050	0.263364844	0.324166115	0.340756851	0.358041963	0.392745338
Zm00001eb433430	0.173286795	0.189084314	0.185036523	0.1941157	0.211918768
Zm00001eb433460	0.196788004	0.518717814	0.819377772	0.782484575	0.693989083
Zm00001eb002490	0.064982548	0.075036714	0.097397751	0.09327312	0.11776796
Zm00001eb011070	0	0.009577163	0.011244566	0.014810637	0.013651245
Zm00001eb016100	0.136300489	0.163535462	0.177926106	0.182681612	0.172226554
Zm00001eb027720	0.032491274	0.079621871	0.105762935	0.104076222	0.111544306
Zm00001eb030990	0	0.013372024	0.015260483	0.020915318	0.014316241
Zm00001eb032670	0.010830425	0.007182872	0.027778064	0.035926195	0.111302724
Zm00001eb038010	0.064982548	0.148469433	0.172579331	0.15157235	0.161557677
Zm00001eb050790	0	0.003094576	0.012654062	0.009063323	0.010899263
Zm00001eb054480	0.330433821	0.402121574	0.445839997	0.43713966	0.425436263
Zm00001eb056760	0.074804558	0.117072067	0.103900616	0.082815185	0.063914939
Zm00001eb059920	0.010830425	0.059270399	0.118962921	0.192853085	0.159683996
Zm00001eb064180	0	0.003591436	0.010441383	0.01284035	0.00921794
Zm00001eb066260	0.075812973	0.087708453	0.112310488	0.104016965	0.126144851
Zm00001eb070890	0	0.025546903	0.011244566	0.021413027	0.012229254
Zm00001eb073560	0	0.002394291	0.010577864	0.006535429	0.010861596
Zm00001eb080690	0	0.004788582	0.005622283	0.01921223	0.027950819
Zm00001eb084180	0.426067283	0.546828065	0.536191908	0.555945666	0.520650651
Zm00001eb101280	0.043321699	0.071852128	0.110856304	0.164039959	0.232282194
Zm00001eb107800	0.049657091	0.054552322	0.104369141	0.085823359	0.129194192
Zm00001eb107900	0.021660849	0.027037484	0.042024098	0.046796257	0.047587026
Zm00001eb142500	0.07131794	0.067446992	0.108234182	0.200147001	0.171648882
Zm00001eb145040	0.010830425	0.004788582	0.005622283	0.008899774	0.011212927
Zm00001eb148290	0.038826666	0.060060694	0.115674096	0.10631435	0.122192544
Zm00001eb152630	0	0.003591436	0.008031833	0.010245496	0.009661271
Zm00001eb156040	0.136300489	0.174450779	0.231352115	0.198815404	0.178253515
Zm00001eb157950	0.017165817	0.025840338	0.030187614	0.076060806	0.133183806
Zm00001eb158520	0	0.042803799	0.076651466	0.1046042	0.115810279
Zm00001eb175540	0.010830425	0.037518357	0.029976349	0.031057163	0.032200125
Zm00001eb178160	0.032491274	0.036117787	0.048797311	0.061183208	0.060297277
Zm00001eb179290	0.021660849	0.01506603	0.023292315	0.024632447	0.026934492
Zm00001eb182650	0	0.006686012	0.004152397	0.005910863	0.011656258
Zm00001eb188100	0	0.002394291	0.0048191	0.009851438	0.011083262
Zm00001eb190120	0	0.003591436	0.006425466	0.010081947	0.012986249
Zm00001eb198470	0.086643398	0.127711111	0.134995251	0.111659903	0.101305003
Zm00001eb200970	0	0.040409508	0.066543435	0.064930606	0.087373426
Zm00001eb207450	0.25727552	0.201574084	0.274266029	0.285576336	0.340979594
Zm00001eb210530	0.075812973	0.070723537	0.099277079	0.082819681	0.104931655
Zm00001eb219990	0.021660849	0.03013206	0.027914545	0.023613823	0.024772173
Zm00001eb231040	0.055992483	0.100358737	0.093048483	0.07872262	0.079548819
Zm00001eb231360	0.054152123	0.088205313	0.221895084	0.274127351	0.228224905
Zm00001eb234270	0.161642058	0.206656101	0.220680955	0.21650424	0.219212305
Zm00001eb234620	0.075812973	0.103768203	0.135678895	0.152954762	0.201319412
Zm00001eb238140	0	0.005985727	0.012047749	0.027554398	0.026746521
Zm00001eb240100	0.021660849	0.009577163	0.032733645	0.089429133	0.072861196
Zm00001eb242480	0	0.032322926	0.033733698	0.029591646	0.030037806
Zm00001eb246270	0.267097531	0.444440033	0.427409965	0.414637195	0.467123088
Zm00001eb252160	0	0.002394291	0.000803183	0.009457381	0.006465958
Zm00001eb259370	0.032491274	0.073432719	0.07061974	0.087823275	0.083886152
Zm00001eb270930	0.043321699	0.077927865	0.072226107	0.082105589	0.073693524
Zm00001eb271520	0.021660849	0.044204369	0.037552744	0.039860349	0.033379451
Zm00001eb273390	0.032491274	0.042103514	0.043781341	0.047948801	0.038164086
Zm00001eb279120	0.10096044	0.091096464	0.109112149	0.139385554	0.154702361
Zm00001eb280600	0	0.001197145	0.000803183	0.005516805	0.013780911
Zm00001eb287710	0.120975032	0.123307924	0.140512389	0.157913961	0.178358208
Zm00001eb293840	0	0.022248902	0.016669979	0.014810637	0.023350182
Zm00001eb299540	0.043321699	0.074133004	0.079591237	0.088998385	0.106299674
Zm00001eb315750	0.107295833	0.227304906	0.251115356	0.344687695	0.510015968
Zm00001eb319590	0.043321699	0.122314204	0.131344022	0.136338027	0.151682687
Zm00001eb324750	0.021660849	0.051387241	0.052343395	0.059272818	0.059540282
Zm00001eb328570	0	0.003591436	0.011244566	0.018818173	0.01289425
Zm00001eb332640	0	0.025343478	0.039628943	0.055726301	0.068482224
Zm00001eb349900	0.064982548	0.064849276	0.07784839	0.085719067	0.096157045
Zm00001eb356430	0	0.007883157	0.00240955	0.005122748	0.005800962
Zm00001eb362240	0.010830425	0.025140053	0.025171644	0.025911208	0.029464809
Zm00001eb371000	0.010830425	0.022745762	0.020882766	0.02078846	0.019987537
Zm00001eb372660	0	0.004788582	0.009304848	0.014773947	0.022998851
Zm00001eb384820	0.064982548	0.090599604	0.109461202	0.110812531	0.153544035
Zm00001eb385190	0	0.003591436	0.01700333	0.034810982	0.049900011
Zm00001eb386770	0.010830425	0.070744993	0.081667436	0.064633137	0.071401538
Zm00001eb386830	0.103809215	0.134103688	0.147680649	0.17097904	0.172093276
Zm00001eb395380	0.010830425	0.004788582	0.009896767	0.022825708	0.025031505
Zm00001eb406950	0.043321699	0.026337199	0.055495739	0.074588868	0.04478071
Zm00001eb407530	0.049657091	0.09279047	0.09003262	0.089161934	0.081393501
Zm00001eb409460	0	0.002394291	0.00722865	0.014319991	0.013023916
Zm00001eb417610	0.064982548	0.123687575	0.17271712	0.166494342	0.247465178
Zm00001eb423330	0.021660849	0.105959069	0.096654957	0.096708925	0.087323769
Zm00001eb427020	0.010830425	0.020351472	0.040159165	0.057175673	0.067114566
Zm00001eb041540	0	0.005985727	0.003212733	0.011494628	0.013596912
Zm00001eb051350	0	0.003094576	0.017670032	0.014974186	0.017273222
Zm00001eb067800	0.017165817	0.009080303	0.013790597	0.057435202	0.035103134
Zm00001eb071110	0.038826666	0.161031655	0.251611362	0.304366771	0.320981728
Zm00001eb073010	0.021660849	0.035914362	0.052343395	0.057770611	0.035228105
Zm00001eb099980	0.049657091	0.09229361	0.078181741	0.088938487	0.087955431
Zm00001eb103490	0.136300489	0.114542512	0.130874189	0.140932797	0.139076768
Zm00001eb117090	0	0.017460321	0.016866849	0.017174982	0.023534181
Zm00001eb120740	0.075812973	0.166812008	0.187188814	0.212720151	0.237904267
Zm00001eb143990	0.29059874	0.245688442	0.311457676	0.289466608	0.33897731
Zm00001eb160120	0.010830425	0.024643193	0.030324095	0.036684682	0.061589602
Zm00001eb163520	0.297942547	0.43095304	0.391051794	0.389083955	0.3754667
Zm00001eb178450	0.1896383	0.210919607	0.20517911	0.257798457	0.286859618
Zm00001eb183160	0.010830425	0.024643193	0.029384431	0.02860265	0.032660122
Zm00001eb187250	0.103809215	0.118834233	0.129662871	0.146873288	0.146814773
Zm00001eb204110	0	0.002394291	0.008031833	0.020394403	0.044412713
Zm00001eb237340	0	0.019854611	0.015260483	0.023673721	0.025842833
Zm00001eb254600	0	0.024643193	0.045584577	0.096001894	0.18477814
Zm00001eb254990	0.032491274	0.040206083	0.035613027	0.048997053	0.065654909
Zm00001eb259650	0.226624606	0.278600188	0.298940095	0.285078628	0.308979051
Zm00001eb270470	0.226624606	0.283907085	0.349770225	0.395708764	0.526061045
Zm00001eb279580	0	0.016263175	0.016063666	0.059183292	0.08294913
Zm00001eb313350	0	0.009080303	0.009638199	0.024104469	0.036135766
Zm00001eb325550	0.086643398	0.188992355	0.210528432	0.179468612	0.183879561
Zm00001eb359500	0	0.033226636	0.039962294	0.095339996	0.144840425
Zm00001eb367300	0.032491274	0.096360451	0.117356554	0.164784191	0.214761973
Zm00001eb393510	0	0.009577163	0.00722865	0.010081947	0.007979948
Zm00001eb428070	0	0.010277448	0.008031833	0.012215783	0.008109614
Zm00001eb002830	0	0.021752042	0.046463852	0.035175412	0.046997363
Zm00001eb073830	0.161642058	0.261120361	0.306807965	0.308687921	0.348631357
Zm00001eb078590	0.060487516	0.043300659	0.06309988	0.059399677	0.064362584
Zm00001eb087050	0.570172953	0.655536952	0.641726754	0.662810969	0.618230848
Zm00001eb102440	0.054152123	0.04519809	0.050737028	0.058684943	0.061129605
Zm00001eb103370	0.161447956	0.162044882	0.183749113	0.16491105	0.178780539
Zm00001eb107280	0.131805456	0.122832519	0.141982275	0.143422717	0.169115295
Zm00001eb208150	0.043321699	0.076527295	0.102626293	0.104277102	0.103379998
Zm00001eb255490	0.064982548	0.048789526	0.050873509	0.051658867	0.06905522
Zm00001eb271500	0.021660849	0.021548617	0.030520965	0.025844248	0.042785723
Zm00001eb296830	0.017165817	0.024846618	0.025368514	0.031197504	0.032622456
Zm00001eb311960	0.021660849	0.07722758	0.081864306	0.059800796	0.068130893
Zm00001eb326210	0	0	0	0.003382969	0.015018903
Zm00001eb335900	0.676778976	0.660566914	0.717248419	0.707611343	0.713139744
Zm00001eb001550	0.021660849	0.017460321	0.018943048	0.008505717	0.014353907
Zm00001eb062460	0.510887954	0.527164173	0.42175785	0.356348882	0.344467242
Zm00001eb074810	0.010830425	0.007182872	0.008501665	0.00630492	0.005763296
Zm00001eb085420	0.196788004	0.165342883	0.186704587	0.181065517	0.186894847
Zm00001eb090510	0.097473822	0.100877052	0.094518369	0.10936316	0.094643416
Zm00001eb092230	0.140795521	0.105168774	0.155107477	0.14322312	0.145969751
Zm00001eb130260	0.147130913	0.168386855	0.150091507	0.140359176	0.1586735
Zm00001eb136360	0.032491274	0.023942908	0.029051079	0.050380106	0.045905703
Zm00001eb136750	0.755513894	0.713065388	0.662804061	0.599833844	0.569939997
Zm00001eb138920	0.021660849	0.073929579	0.032597164	0.015368243	0.015002236
Zm00001eb148190	0	0.002394291	0.012517581	0.006698978	0.013207915
Zm00001eb169130	0.161447956	0.12730621	0.136816737	0.16076189	0.181160551
Zm00001eb170530	0.179622187	0.126690191	0.131799459	0.173232031	0.200186762
Zm00001eb181760	0.032491274	0.03112578	0.043508379	0.034877943	0.024550508
Zm00001eb187310	0.010830425	0.021051757	0.013654116	0.018357155	0.02271888
Zm00001eb187720	0.038826666	0.01506603	0.041568661	0.040922726	0.047344721
Zm00001eb194220	0.222943886	0.136365058	0.224258639	0.21623062	0.225218628
Zm00001eb199970	0.114639639	0.113141941	0.143453468	0.098760297	0.09020975
Zm00001eb218880	0.060487516	0.079915306	0.087821248	0.071696545	0.05213333
Zm00001eb227200	0.18595758	0.255834919	0.202919128	0.224221842	0.288005611
Zm00001eb234170	0.125470064	0.147068862	0.153485408	0.138003142	0.126918513
Zm00001eb245040	0.010830425	0.006686012	0.003212733	0.008111659	0.01342958
Zm00001eb255160	0.331002065	0.413332995	0.40139503	0.283082211	0.236164009
Zm00001eb256650	0.064982548	0.044994665	0.051465428	0.074090518	0.059372949
Zm00001eb282920	0.010830425	0.01556289	0.009638199	0.017963097	0.015332567
Zm00001eb301280	0.075812973	0.06405898	0.060708579	0.058454434	0.072434532
Zm00001eb302890	0	0.001197145	0.009638199	0.007323544	0.004433305
Zm00001eb312600	0.021660849	0.107653075	0.089229437	0.038588009	0.022296189
Zm00001eb349860	0.148971273	0.121725384	0.133010777	0.144054988	0.143083408
Zm00001eb352860	0.114639639	0.110454215	0.125858219	0.09907969	0.114722952
Zm00001eb369190	0.032491274	0.018426842	0.03159711	0.026862872	0.031091799
Zm00001eb382780	0.010830425	0.003591436	0.004485749	0.009814748	0.005763296
Zm00001eb385850	0.032491274	0.027534344	0.019746231	0.031197504	0.019138543
Zm00001eb394180	0.07131794	0.067040142	0.071286443	0.087094416	0.077754497
Zm00001eb413540	0.038826666	0.029928635	0.047660776	0.039472712	0.037482424
Zm00001eb416800	0.18411722	0.175620331	0.196296792	0.200829574	0.178350624
